fa_p8_f3,md_p8_f3,fa_p8_f5,md_p8_f5,fa_p8_f9,md_p8_f9,fa_p16_f3,md_p16_f3,fa_p16_f5,md_p16_f5,fa_p16_f9,md_p16_f9,fa_p64_f3,md_p64_f3,fa_p64_f5,md_p64_f5,fa_p64_f9,md_p64_f9
8.987727e-01,0.000000e+00,8.521380e-02,0.000000e+00,1.078759e-01,0.000000e+00,3.272484e-01,0.000000e+00,2.992360e-02,0.000000e+00,3.961910e-02,0.000000e+00,5.198316e-01,0.000000e+00,1.834300e-03,0.000000e+00,2.603500e-03,0.000000e+00
8.377671e-01,0.000000e+00,5.875590e-02,0.000000e+00,7.558120e-02,0.000000e+00,2.493509e-01,0.000000e+00,1.954680e-02,1.000000e-07,2.619420e-02,0.000000e+00,4.213682e-01,0.000000e+00,1.096400e-03,0.000000e+00,1.565900e-03,0.000000e+00
7.598653e-01,0.000000e+00,3.978640e-02,0.000000e+00,5.186700e-02,0.000000e+00,1.847840e-01,1.000000e-07,1.254590e-02,1.000000e-07,1.704410e-02,1.000000e-07,3.309158e-01,0.000000e+00,6.537000e-04,1.000000e-07,9.296000e-04,1.000000e-07
6.687093e-01,0.000000e+00,2.639310e-02,0.000000e+00,3.502810e-02,0.000000e+00,1.335313e-01,2.000000e-07,7.931800e-03,1.000000e-07,1.093580e-02,1.000000e-07,2.524124e-01,0.000000e+00,3.802000e-04,4.000000e-07,5.431000e-04,1.000000e-07
5.703197e-01,1.000000e-07,1.723420e-02,1.000000e-07,2.320200e-02,1.000000e-07,9.440320e-02,5.000000e-07,4.942400e-03,2.000000e-07,6.903400e-03,1.000000e-07,1.872517e-01,2.000000e-07,2.146000e-04,6.000000e-07,3.144000e-04,3.000000e-07
4.711906e-01,1.000000e-07,1.109510e-02,2.000000e-07,1.512820e-02,1.000000e-07,6.532780e-02,9.000000e-07,3.033400e-03,2.000000e-07,4.300400e-03,2.000000e-07,1.353899e-01,4.000000e-07,1.216000e-04,1.200000e-06,1.812000e-04,6.000000e-07
3.772899e-01,1.000000e-07,7.046300e-03,6.000000e-07,9.706100e-03,2.000000e-07,4.429600e-02,1.900000e-06,1.821800e-03,4.000000e-07,2.647500e-03,2.000000e-07,9.560650e-02,5.000000e-07,6.890000e-05,1.800000e-06,1.015000e-04,1.000000e-06
2.935198e-01,1.000000e-07,4.402400e-03,7.000000e-07,6.105900e-03,3.000000e-07,2.955540e-02,2.900000e-06,1.090300e-03,4.000000e-07,1.589900e-03,2.000000e-07,6.600630e-02,8.000000e-07,3.650000e-05,2.600000e-06,5.800000e-05,1.600000e-06
2.221221e-01,1.000000e-07,2.726800e-03,9.000000e-07,3.813000e-03,4.000000e-07,1.942300e-02,4.700000e-06,6.514000e-04,9.000000e-07,9.542000e-04,3.000000e-07,4.479790e-02,1.300000e-06,2.010000e-05,4.000000e-06,3.150000e-05,2.000000e-06
1.637942e-01,2.000000e-07,1.656300e-03,2.300000e-06,2.339200e-03,7.000000e-07,1.255320e-02,7.800000e-06,3.809000e-04,1.700000e-06,5.657000e-04,4.000000e-07,2.980820e-02,2.000000e-06,1.050000e-05,6.100000e-06,1.620000e-05,2.900000e-06
1.179897e-01,7.000000e-07,9.930000e-04,3.300000e-06,1.421500e-03,1.300000e-06,7.968800e-03,1.090000e-05,2.187000e-04,2.300000e-06,3.308000e-04,8.000000e-07,1.949530e-02,3.300000e-06,6.500000e-06,9.100000e-06,8.700000e-06,3.600000e-06
8.312820e-02,1.700000e-06,5.909000e-04,4.800000e-06,8.441000e-04,2.000000e-06,4.999000e-03,1.760000e-05,1.246000e-04,3.100000e-06,1.892000e-04,1.100000e-06,1.258570e-02,4.800000e-06,4.000000e-06,1.350000e-05,4.200000e-06,5.700000e-06
5.748190e-02,3.900000e-06,3.563000e-04,7.000000e-06,5.011000e-04,3.200000e-06,3.088200e-03,2.520000e-05,6.900000e-05,4.200000e-06,1.071000e-04,1.500000e-06,8.030500e-03,7.600000e-06,2.200000e-06,1.770000e-05,2.600000e-06,8.100000e-06
3.898850e-02,5.900000e-06,1.988000e-04,1.000000e-05,2.894000e-04,4.800000e-06,1.881100e-03,3.710000e-05,3.700000e-05,6.400000e-06,5.840000e-05,2.400000e-06,5.021800e-03,1.100000e-05,1.600000e-06,2.530000e-05,1.600000e-06,1.110000e-05
2.600240e-02,8.500000e-06,1.142000e-04,1.450000e-05,1.713000e-04,8.000000e-06,1.134100e-03,5.270000e-05,2.050000e-05,9.300000e-06,3.320000e-05,3.700000e-06,3.104200e-03,1.620000e-05,9.000000e-07,3.730000e-05,1.000000e-06,1.650000e-05
1.710950e-02,1.370000e-05,6.500000e-05,2.150000e-05,9.650000e-05,1.220000e-05,6.755000e-04,7.300000e-05,1.260000e-05,1.390000e-05,1.780000e-05,6.100000e-06,1.883500e-03,2.300000e-05,4.000000e-07,5.240000e-05,4.000000e-07,2.270000e-05
1.108450e-02,1.960000e-05,3.360000e-05,3.120000e-05,5.690000e-05,1.760000e-05,3.983000e-04,1.050000e-04,6.400000e-06,1.940000e-05,9.800000e-06,9.800000e-06,1.120100e-03,3.370000e-05,1.000000e-07,7.370000e-05,2.000000e-07,3.150000e-05
7.069000e-03,2.880000e-05,1.820000e-05,4.650000e-05,3.170000e-05,2.430000e-05,2.341000e-04,1.437000e-04,3.000000e-06,2.820000e-05,5.000000e-06,1.470000e-05,6.677000e-04,4.650000e-05,0.000000e+00,9.740000e-05,0.000000e+00,4.440000e-05
4.450800e-03,4.150000e-05,9.000000e-06,6.700000e-05,1.850000e-05,3.590000e-05,1.342000e-04,2.039000e-04,1.400000e-06,3.990000e-05,3.000000e-06,2.070000e-05,3.929000e-04,6.680000e-05,0.000000e+00,1.301000e-04,0.000000e+00,6.190000e-05
2.763300e-03,6.040000e-05,4.600000e-06,9.610000e-05,1.100000e-05,5.370000e-05,7.340000e-05,2.697000e-04,7.000000e-07,5.570000e-05,2.000000e-06,2.930000e-05,2.336000e-04,9.570000e-05,0.000000e+00,1.776000e-04,0.000000e+00,8.620000e-05
1.714300e-03,8.280000e-05,2.700000e-06,1.402000e-04,6.500000e-06,7.500000e-05,4.180000e-05,3.672000e-04,5.000000e-07,7.870000e-05,1.000000e-06,4.180000e-05,1.339000e-04,1.314000e-04,0.000000e+00,2.457000e-04,0.000000e+00,1.190000e-04
1.032100e-03,1.171000e-04,1.100000e-06,1.908000e-04,3.000000e-06,1.072000e-04,2.240000e-05,4.932000e-04,4.000000e-07,1.086000e-04,3.000000e-07,5.610000e-05,7.550000e-05,1.759000e-04,0.000000e+00,0.000000e+00,0.000000e+00,0.000000e+00
6.106000e-04,1.694000e-04,6.000000e-07,2.667000e-04,1.700000e-06,1.490000e-04,1.180000e-05,6.531000e-04,3.000000e-07,1.531000e-04,1.000000e-07,7.830000e-05,4.410000e-05,2.527000e-04,0.000000e+00,0.000000e+00,0.000000e+00,0.000000e+00
3.639000e-04,2.402000e-04,3.000000e-07,3.642000e-04,1.100000e-06,2.084000e-04,6.700000e-06,8.691000e-04,1.000000e-07,2.156000e-04,1.000000e-07,1.089000e-04,2.170000e-05,3.403000e-04,0.000000e+00,0.000000e+00,0.000000e+00,0.000000e+00
2.114000e-04,3.325000e-04,2.000000e-07,4.958000e-04,6.000000e-07,2.876000e-04,4.300000e-06,1.131200e-03,0.000000e+00,2.945000e-04,0.000000e+00,1.498000e-04,1.080000e-05,4.558000e-04,0.000000e+00,0.000000e+00,0.000000e+00,0.000000e+00
1.253000e-04,4.522000e-04,1.000000e-07,6.648000e-04,4.000000e-07,3.856000e-04,2.200000e-06,1.473300e-03,0.000000e+00,0.000000e+00,0.000000e+00,0.000000e+00,6.100000e-06,6.096000e-04,0.000000e+00,0.000000e+00,0.000000e+00,0.000000e+00
7.290000e-05,6.143000e-04,0.000000e+00,8.892000e-04,1.000000e-07,5.249000e-04,1.200000e-06,1.901500e-03,0.000000e+00,0.000000e+00,0.000000e+00,0.000000e+00,3.900000e-06,8.012000e-04,0.000000e+00,0.000000e+00,0.000000e+00,0.000000e+00
4.160000e-05,8.264000e-04,0.000000e+00,1.178200e-03,0.000000e+00,6.976000e-04,7.000000e-07,2.441300e-03,0.000000e+00,0.000000e+00,0.000000e+00,0.000000e+00,2.100000e-06,1.051900e-03,0.000000e+00,0.000000e+00,0.000000e+00,0.000000e+00
2.240000e-05,1.099500e-03,0.000000e+00,1.548400e-03,0.000000e+00,9.177000e-04,6.000000e-07,3.104400e-03,0.000000e+00,0.000000e+00,0.000000e+00,0.000000e+00,7.000000e-07,1.366600e-03,0.000000e+00,0.000000e+00,0.000000e+00,0.000000e+00
1.330000e-05,1.443900e-03,0.000000e+00,0.000000e+00,0.000000e+00,0.000000e+00,5.000000e-07,3.932700e-03,0.000000e+00,0.000000e+00,0.000000e+00,0.000000e+00,5.000000e-07,1.764000e-03,0.000000e+00,0.000000e+00,0.000000e+00,0.000000e+00
7.100000e-06,1.888900e-03,0.000000e+00,0.000000e+00,0.000000e+00,0.000000e+00,3.000000e-07,4.948500e-03,0.000000e+00,0.000000e+00,0.000000e+00,0.000000e+00,2.000000e-07,2.263400e-03,0.000000e+00,0.000000e+00,0.000000e+00,0.000000e+00
3.800000e-06,2.443600e-03,0.000000e+00,0.000000e+00,0.000000e+00,0.000000e+00,0.000000e+00,6.166400e-03,0.000000e+00,0.000000e+00,0.000000e+00,0.000000e+00,1.000000e-07,2.878900e-03,0.000000e+00,0.000000e+00,0.000000e+00,0.000000e+00
1.800000e-06,3.138100e-03,0.000000e+00,0.000000e+00,0.000000e+00,0.000000e+00,0.000000e+00,7.631900e-03,0.000000e+00,0.000000e+00,0.000000e+00,0.000000e+00,0.000000e+00,3.606900e-03,0.000000e+00,0.000000e+00,0.000000e+00,0.000000e+00
1.300000e-06,4.003100e-03,0.000000e+00,0.000000e+00,0.000000e+00,0.000000e+00,0.000000e+00,0.000000e+00,0.000000e+00,0.000000e+00,0.000000e+00,0.000000e+00,0.000000e+00,0.000000e+00,0.000000e+00,0.000000e+00,0.000000e+00,0.000000e+00
7.000000e-07,5.060000e-03,0.000000e+00,0.000000e+00,0.000000e+00,0.000000e+00,0.000000e+00,0.000000e+00,0.000000e+00,0.000000e+00,0.000000e+00,0.000000e+00,0.000000e+00,0.000000e+00,0.000000e+00,0.000000e+00,0.000000e+00,0.000000e+00
4.000000e-07,6.345700e-03,0.000000e+00,0.000000e+00,0.000000e+00,0.000000e+00,0.000000e+00,0.000000e+00,0.000000e+00,0.000000e+00,0.000000e+00,0.000000e+00,0.000000e+00,0.000000e+00,0.000000e+00,0.000000e+00,0.000000e+00,0.000000e+00
2.000000e-07,7.891500e-03,0.000000e+00,0.000000e+00,0.000000e+00,0.000000e+00,0.000000e+00,0.000000e+00,0.000000e+00,0.000000e+00,0.000000e+00,0.000000e+00,0.000000e+00,0.000000e+00,0.000000e+00,0.000000e+00,0.000000e+00,0.000000e+00
0.000000e+00,9.741100e-03,0.000000e+00,0.000000e+00,0.000000e+00,0.000000e+00,0.000000e+00,0.000000e+00,0.000000e+00,0.000000e+00,0.000000e+00,0.000000e+00,0.000000e+00,0.000000e+00,0.000000e+00,0.000000e+00,0.000000e+00,0.000000e+00
0.000000e+00,1.195770e-02,0.000000e+00,0.000000e+00,0.000000e+00,0.000000e+00,0.000000e+00,0.000000e+00,0.000000e+00,0.000000e+00,0.000000e+00,0.000000e+00,0.000000e+00,0.000000e+00,0.000000e+00,0.000000e+00,0.000000e+00,0.000000e+00
0.000000e+00,1.457250e-02,0.000000e+00,0.000000e+00,0.000000e+00,0.000000e+00,0.000000e+00,0.000000e+00,0.000000e+00,0.000000e+00,0.000000e+00,0.000000e+00,0.000000e+00,0.000000e+00,0.000000e+00,0.000000e+00,0.000000e+00,0.000000e+00
0.000000e+00,1.761370e-02,0.000000e+00,0.000000e+00,0.000000e+00,0.000000e+00,0.000000e+00,0.000000e+00,0.000000e+00,0.000000e+00,0.000000e+00,0.000000e+00,0.000000e+00,0.000000e+00,0.000000e+00,0.000000e+00,0.000000e+00,0.000000e+00
