edge             Nfa_NONE         Nfa_L2           Nfa_L1           Nfa_L1B          Nfa_LINF         Nmd_NONE         Nmd_L2           Nmd_L1           Nmd_L1B          Nmd_LINF         Pfa_NONE         Pfa_L2           Pfa_L1           Pfa_L1B          Pfa_LINF         Pmd_NONE         Pmd_L2           Pmd_L1           Pmd_L1B          Pmd_LINF         
-5.00            0                0                0                0                1                0                0                0                0                0                1.0000000        1.0000000        1.0000000        1.0000000        0.9999999        0.0000000        0.0000000        0.0000000        0.0000000        0.0000000        
-4.70            1                0                0                0                2                0                0                0                0                0                0.9999999        1.0000000        1.0000000        1.0000000        0.9999997        0.0000000        0.0000000        0.0000000        0.0000000        0.0000000        
-4.39            3                0                3                2                12               0                0                0                0                0                0.9999996        1.0000000        0.9999997        0.9999998        0.9999985        0.0000000        0.0000000        0.0000000        0.0000000        0.0000000        
-4.09            51               13               14               12               68               0                0                0                0                0                0.9999945        0.9999987        0.9999983        0.9999986        0.9999917        0.0000000        0.0000000        0.0000000        0.0000000        0.0000000        
-3.79            224              83               126              121              396              0                0                0                0                0                0.9999721        0.9999904        0.9999857        0.9999865        0.9999521        0.0000000        0.0000000        0.0000000        0.0000000        0.0000000        
-3.49            1050             628              729              728              1466             0                0                0                0                0                0.9998671        0.9999276        0.9999128        0.9999137        0.9998055        0.0000000        0.0000000        0.0000000        0.0000000        0.0000000        
-3.18            4418             2986             3124             3153             5388             0                0                0                0                0                0.9994253        0.9996290        0.9996004        0.9995984        0.9992667        0.0000000        0.0000000        0.0000000        0.0000000        0.0000000        
-2.88            14704            11385            11932            12134            16759            0                0                0                0                0                0.9979549        0.9984905        0.9984072        0.9983850        0.9975908        0.0000000        0.0000000        0.0000000        0.0000000        0.0000000        
-2.58            42136            36182            36991            37471            46073            0                0                0                0                0                0.9937413        0.9948723        0.9947081        0.9946379        0.9929835        0.0000000        0.0000000        0.0000000        0.0000000        0.0000000        
-2.27            102842           95275            95662            96452            107077           0                0                0                0                0                0.9834571        0.9853448        0.9851419        0.9849927        0.9822758        0.0000000        0.0000000        0.0000000        0.0000000        0.0000000        
-1.97            215484           210176           210647           212091           219294           0                0                0                0                0                0.9619087        0.9643272        0.9640772        0.9637836        0.9603464        0.0000000        0.0000000        0.0000000        0.0000000        0.0000000        
-1.67            393410           392999           393139           393250           392950           0                0                0                0                0                0.9225677        0.9250273        0.9247633        0.9244586        0.9210514        0.0000000        0.0000000        0.0000000        0.0000000        0.0000000        
-1.37            625031           635187           633450           633135           615397           0                0                0                0                0                0.8600646        0.8615086        0.8614183        0.8611451        0.8595117        0.0000000        0.0000000        0.0000000        0.0000000        0.0000000        
-1.06            873359           893303           891687           887693           862502           0                0                0                0                0                0.7727287        0.7721783        0.7722496        0.7723758        0.7732615        0.0000000        0.0000000        0.0000000        0.0000000        0.0000000        
-0.76            1083392          1106974          1103604          1100597          1070313          0                0                0                0                0                0.6643895        0.6614809        0.6618892        0.6623161        0.6662302        0.0000000        0.0000000        0.0000000        0.0000000        0.0000000        
-0.46            1206546          1221576          1221430          1220534          1197631          0                0                0                0                0                0.5437349        0.5393233        0.5397462        0.5402627        0.5464671        0.0000000        0.0000000        0.0000000        0.0000000        0.0000000        
-0.15            1212762          1215653          1214702          1214939          1212777          0                0                0                0                0                0.4224587        0.4177580        0.4182760        0.4187688        0.4251894        0.0000000        0.0000000        0.0000000        0.0000000        0.0000000        
0.15             1112278          1102463          1103710          1105822          1118906          0                0                0                0                0                0.3112309        0.3075117        0.3079050        0.3081866        0.3132988        0.0000000        0.0000000        0.0000000        0.0000000        0.0000000        
0.45             937112           918599           920229           921326           945626           0                0                0                0                0                0.2175197        0.2156518        0.2158821        0.2160540        0.2187362        0.0000000        0.0000000        0.0000000        0.0000000        0.0000000        
0.75             728697           713181           715615           718310           739972           0                0                0                0                2                0.1446500        0.1443337        0.1443206        0.1442230        0.1447390        0.0000000        0.0000000        0.0000000        0.0000000        0.0000002        
1.06             530230           519315           520847           520412           537258           0                0                0                0                3                0.0916270        0.0924022        0.0922359        0.0921818        0.0910132        0.0000000        0.0000000        0.0000000        0.0000000        0.0000005        
1.36             361918           356712           355800           356710           365894           0                0                0                0                10               0.0554352        0.0567310        0.0566559        0.0565108        0.0544238        0.0000000        0.0000000        0.0000000        0.0000000        0.0000015        
1.66             233660           231036           231811           231966           232889           0                0                0                0                12               0.0320692        0.0336274        0.0334748        0.0333142        0.0311349        0.0000000        0.0000000        0.0000000        0.0000000        0.0000027        
1.96             142113           143824           143497           143581           141420           0                0                0                0                28               0.0178579        0.0192450        0.0191251        0.0189561        0.0169929        0.0000000        0.0000000        0.0000000        0.0000000        0.0000055        
2.27             83106            85828            86004            85326            81096            0                0                0                0                50               0.0095473        0.0106622        0.0105247        0.0104235        0.0088833        0.0000000        0.0000000        0.0000000        0.0000000        0.0000105        
2.57             46561            49498            48856            48438            44200            0                0                0                0                102              0.0048912        0.0057124        0.0056391        0.0055797        0.0044633        0.0000000        0.0000000        0.0000000        0.0000000        0.0000207        
2.87             24636            27375            27169            26777            22951            0                0                0                0                175              0.0024276        0.0029749        0.0029222        0.0029020        0.0021682        0.0000000        0.0000000        0.0000000        0.0000000        0.0000382        
3.18             12484            14656            14668            14489            11674            0                0                0                0                330              0.0011792        0.0015093        0.0014554        0.0014531        0.0010008        0.0000000        0.0000000        0.0000000        0.0000000        0.0000712        
3.48             6240             7787             7446             7348             5566             0                0                1                0                601              0.0005552        0.0007306        0.0007108        0.0007183        0.0004442        0.0000000        0.0000000        0.0000001        0.0000000        0.0001313        
3.78             3042             3788             3750             3780             2438             0                0                0                0                941              0.0002510        0.0003518        0.0003358        0.0003403        0.0002004        0.0000000        0.0000000        0.0000001        0.0000000        0.0002254        
4.08             1403             1862             1795             1863             1162             0                2                1                0                1571             0.0001107        0.0001656        0.0001563        0.0001540        0.0000842        0.0000000        0.0000002        0.0000002        0.0000000        0.0003825        
4.39             636              933              847              898              474              0                1                2                2                2506             0.0000471        0.0000723        0.0000716        0.0000642        0.0000368        0.0000000        0.0000003        0.0000004        0.0000002        0.0006331        
4.69             268              398              424              355              229              0                2                2                3                3924             0.0000203        0.0000325        0.0000292        0.0000287        0.0000139        0.0000000        0.0000005        0.0000006        0.0000005        0.0010255        
4.99             110              177              175              169              88               0                4                6                8                6228             0.0000093        0.0000148        0.0000117        0.0000118        0.0000051        0.0000000        0.0000009        0.0000012        0.0000013        0.0016483        
5.30             51               86               71               71               37               1                8                8                14               9054             0.0000042        0.0000062        0.0000046        0.0000047        0.0000014        0.0000001        0.0000017        0.0000020        0.0000027        0.0025537        
5.60             25               40               27               29               7                0                16               18               17               13847            0.0000017        0.0000022        0.0000019        0.0000018        0.0000007        0.0000001        0.0000033        0.0000038        0.0000044        0.0039384        
5.90             10               14               12               10               6                0                18               28               31               19670            0.0000007        0.0000008        0.0000007        0.0000008        0.0000001        0.0000001        0.0000051        0.0000066        0.0000075        0.0059054        
6.20             5                3                2                3                1                0                38               41               54               27813            0.0000002        0.0000005        0.0000005        0.0000005        0.0000000        0.0000001        0.0000089        0.0000107        0.0000129        0.0086867        
6.51             2                4                4                4                0                0                60               88               104              38122            0.0000000        0.0000001        0.0000001        0.0000001        0.0000000        0.0000001        0.0000149        0.0000195        0.0000233        0.0124989        
6.81             0                1                0                0                0                0                78               126              166              51992            0.0000000        0.0000000        0.0000001        0.0000001        0.0000000        0.0000001        0.0000227        0.0000321        0.0000399        0.0176981        
7.11             0                0                1                1                0                2                137              194              213              68329            0.0000000        0.0000000        0.0000000        0.0000000        0.0000000        0.0000003        0.0000364        0.0000515        0.0000612        0.0245310        
7.42             0                0                0                0                0                5                212              306              395              89309            0.0000000        0.0000000        0.0000000        0.0000000        0.0000000        0.0000008        0.0000576        0.0000821        0.0001007        0.0334619        
7.72             0                0                0                0                0                3                323              495              584              114347           0.0000000        0.0000000        0.0000000        0.0000000        0.0000000        0.0000011        0.0000899        0.0001316        0.0001591        0.0448966        
8.02             0                0                0                0                0                14               507              713              900              142749           0.0000000        0.0000000        0.0000000        0.0000000        0.0000000        0.0000025        0.0001406        0.0002029        0.0002491        0.0591715        
8.32             0                0                0                0                0                23               723              1051             1308             174915           0.0000000        0.0000000        0.0000000        0.0000000        0.0000000        0.0000048        0.0002129        0.0003080        0.0003799        0.0766630        
8.63             0                0                0                0                0                43               1086             1623             1870             210288           0.0000000        0.0000000        0.0000000        0.0000000        0.0000000        0.0000091        0.0003215        0.0004703        0.0005669        0.0976918        
8.93             0                0                0                0                0                63               1613             2351             2691             248130           0.0000000        0.0000000        0.0000000        0.0000000        0.0000000        0.0000154        0.0004828        0.0007054        0.0008360        0.1225048        
9.23             0                0                0                0                0                100              2408             3335             3926             288856           0.0000000        0.0000000        0.0000000        0.0000000        0.0000000        0.0000254        0.0007236        0.0010389        0.0012286        0.1513904        
9.54             0                0                0                0                0                175              3262             4638             5404             327546           0.0000000        0.0000000        0.0000000        0.0000000        0.0000000        0.0000429        0.0010498        0.0015027        0.0017690        0.1841450        
9.84             0                0                0                0                0                237              4564             6383             7605             368319           0.0000000        0.0000000        0.0000000        0.0000000        0.0000000        0.0000666        0.0015062        0.0021410        0.0025295        0.2209769        
10.14            0                0                0                0                0                386              6469             8759             10265            404006           0.0000000        0.0000000        0.0000000        0.0000000        0.0000000        0.0001052        0.0021531        0.0030169        0.0035560        0.2613775        
10.44            0                0                0                0                0                621              8564             12172            13836            437504           0.0000000        0.0000000        0.0000000        0.0000000        0.0000000        0.0001673        0.0030095        0.0042341        0.0049396        0.3051279        
10.75            0                0                0                0                0                930              11797            15805            18502            464769           0.0000000        0.0000000        0.0000000        0.0000000        0.0000000        0.0002603        0.0041892        0.0058146        0.0067898        0.3516048        
11.05            0                0                0                0                0                1342             15579            20935            24145            486179           0.0000000        0.0000000        0.0000000        0.0000000        0.0000000        0.0003945        0.0057471        0.0079081        0.0092043        0.4002227        
11.35            0                0                0                0                0                1973             20267            27110            30948            501120           0.0000000        0.0000000        0.0000000        0.0000000        0.0000000        0.0005918        0.0077738        0.0106191        0.0122991        0.4503347        
11.65            0                0                0                0                0                2844             25987            34465            39481            506437           0.0000000        0.0000000        0.0000000        0.0000000        0.0000000        0.0008762        0.0103725        0.0140656        0.0162472        0.5009784        
11.96            0                0                0                0                0                4053             33142            43737            49401            505227           0.0000000        0.0000000        0.0000000        0.0000000        0.0000000        0.0012815        0.0136867        0.0184393        0.0211873        0.5515011        
12.26            0                0                0                0                0                5788             41831            54288            61626            494690           0.0000000        0.0000000        0.0000000        0.0000000        0.0000000        0.0018603        0.0178698        0.0238681        0.0273499        0.6009701        
12.56            0                0                0                0                0                7958             51912            67106            75627            476185           0.0000000        0.0000000        0.0000000        0.0000000        0.0000000        0.0026561        0.0230610        0.0305787        0.0349126        0.6485886        
12.87            0                0                0                0                0                10702            63937            81930            90836            452762           0.0000000        0.0000000        0.0000000        0.0000000        0.0000000        0.0037263        0.0294547        0.0387717        0.0439962        0.6938648        
13.17            0                0                0                0                0                14066            78169            98360            109241           422218           0.0000000        0.0000000        0.0000000        0.0000000        0.0000000        0.0051329        0.0372716        0.0486077        0.0549203        0.7360866        
13.47            0                0                0                0                0                18839            93438            117392           128695           390107           0.0000000        0.0000000        0.0000000        0.0000000        0.0000000        0.0070168        0.0466154        0.0603469        0.0677898        0.7750973        
13.77            0                0                0                0                0                24783            111186           138002           151154           354709           0.0000000        0.0000000        0.0000000        0.0000000        0.0000000        0.0094951        0.0577340        0.0741471        0.0829052        0.8105682        
14.08            0                0                0                0                0                31636            130486           159101           173736           317643           0.0000000        0.0000000        0.0000000        0.0000000        0.0000000        0.0126587        0.0707826        0.0900572        0.1002788        0.8423325        
14.38            0                0                0                0                0                40532            151116           182065           198993           278636           0.0000000        0.0000000        0.0000000        0.0000000        0.0000000        0.0167119        0.0858942        0.1082637        0.1201781        0.8701961        
14.68            0                0                0                0                0                51032            173530           206993           223812           242298           0.0000000        0.0000000        0.0000000        0.0000000        0.0000000        0.0218151        0.1032472        0.1289630        0.1425593        0.8944259        
14.99            0                0                0                0                0                63148            197583           232764           249610           205431           0.0000000        0.0000000        0.0000000        0.0000000        0.0000000        0.0281299        0.1230055        0.1522394        0.1675203        0.9149690        
15.29            0                0                0                0                0                77251            221278           257300           275390           174391           0.0000000        0.0000000        0.0000000        0.0000000        0.0000000        0.0358550        0.1451333        0.1779694        0.1950593        0.9324081        
15.59            0                0                0                0                0                92941            246410           283117           300114           144760           0.0000000        0.0000000        0.0000000        0.0000000        0.0000000        0.0451491        0.1697743        0.2062811        0.2250707        0.9468841        
15.89            0                0                0                0                0                111375           270368           307205           322823           118615           0.0000000        0.0000000        0.0000000        0.0000000        0.0000000        0.0562866        0.1968111        0.2370016        0.2573530        0.9587456        
16.20            0                0                0                0                0                132324           295041           329062           345485           96068            0.0000000        0.0000000        0.0000000        0.0000000        0.0000000        0.0695190        0.2263152        0.2699078        0.2919015        0.9683524        
16.50            0                0                0                0                0                153919           315886           350188           363335           77032            0.0000000        0.0000000        0.0000000        0.0000000        0.0000000        0.0849109        0.2579038        0.3049266        0.3282350        0.9760556        
16.80            0                0                0                0                0                177554           336800           367252           379816           60345            0.0000000        0.0000000        0.0000000        0.0000000        0.0000000        0.1026663        0.2915838        0.3416518        0.3662166        0.9820901        
17.11            0                0                0                0                0                201832           354046           382889           392673           46299            0.0000000        0.0000000        0.0000000        0.0000000        0.0000000        0.1228495        0.3269884        0.3799407        0.4054839        0.9867200        
17.41            0                0                0                0                0                227807           370545           393204           401481           35431            0.0000000        0.0000000        0.0000000        0.0000000        0.0000000        0.1456302        0.3640429        0.4192611        0.4456320        0.9902631        
17.71            0                0                0                0                0                253699           381322           399515           405496           26962            0.0000000        0.0000000        0.0000000        0.0000000        0.0000000        0.1710001        0.4021751        0.4592126        0.4861816        0.9929593        
18.01            0                0                0                0                0                279359           390704           403140           404652           20159            0.0000000        0.0000000        0.0000000        0.0000000        0.0000000        0.1989360        0.4412455        0.4995266        0.5266468        0.9949752        
18.32            0                0                0                0                0                304213           394215           401183           401570           14828            0.0000000        0.0000000        0.0000000        0.0000000        0.0000000        0.2293573        0.4806670        0.5396449        0.5668038        0.9964580        
18.62            0                0                0                0                0                327962           395831           397058           393615           10643            0.0000000        0.0000000        0.0000000        0.0000000        0.0000000        0.2621535        0.5202501        0.5793507        0.6061653        0.9975223        
18.92            0                0                0                0                0                348762           391835           387623           382279           7743             0.0000000        0.0000000        0.0000000        0.0000000        0.0000000        0.2970297        0.5594336        0.6181130        0.6443932        0.9982966        
19.23            0                0                0                0                0                368297           386600           375637           366755           5439             0.0000000        0.0000000        0.0000000        0.0000000        0.0000000        0.3338594        0.5980936        0.6556767        0.6810687        0.9988405        
19.53            0                0                0                0                0                381646           375431           359932           349439           3832             0.0000000        0.0000000        0.0000000        0.0000000        0.0000000        0.3720240        0.6356367        0.6916699        0.7160126        0.9992237        
19.83            0                0                0                0                0                394257           362636           341037           328800           2562             0.0000000        0.0000000        0.0000000        0.0000000        0.0000000        0.4114497        0.6719003        0.7257736        0.7488926        0.9994799        
20.13            0                0                0                0                0                401205           345554           320252           306755           1799             0.0000000        0.0000000        0.0000000        0.0000000        0.0000000        0.4515702        0.7064557        0.7577988        0.7795681        0.9996598        
20.44            0                0                0                0                0                405641           327073           298081           284258           1177             0.0000000        0.0000000        0.0000000        0.0000000        0.0000000        0.4921343        0.7391630        0.7876069        0.8079939        0.9997775        
20.74            0                0                0                0                0                404352           307651           274917           260449           775              0.0000000        0.0000000        0.0000000        0.0000000        0.0000000        0.5325695        0.7699281        0.8150986        0.8340388        0.9998550        
21.04            0                0                0                0                0                400715           284063           251104           235404           540              0.0000000        0.0000000        0.0000000        0.0000000        0.0000000        0.5726410        0.7983344        0.8402090        0.8575792        0.9999090        
21.35            0                0                0                0                0                392136           262277           227369           211046           337              0.0000000        0.0000000        0.0000000        0.0000000        0.0000000        0.6118546        0.8245621        0.8629459        0.8786838        0.9999427        
21.65            0                0                0                0                0                380326           238982           203667           187545           195              0.0000000        0.0000000        0.0000000        0.0000000        0.0000000        0.6498872        0.8484603        0.8833126        0.8974383        0.9999622        
21.95            0                0                0                0                0                364897           214935           180781           165165           135              0.0000000        0.0000000        0.0000000        0.0000000        0.0000000        0.6863769        0.8699538        0.9013907        0.9139548        0.9999757        
22.25            0                0                0                0                0                346950           192922           160372           143873           96               0.0000000        0.0000000        0.0000000        0.0000000        0.0000000        0.7210719        0.8892460        0.9174279        0.9283421        0.9999853        
22.56            0                0                0                0                0                325048           171718           138778           123924           53               0.0000000        0.0000000        0.0000000        0.0000000        0.0000000        0.7535767        0.9064178        0.9313057        0.9407345        0.9999906        
22.86            0                0                0                0                0                303180           150813           119253           106852           35               0.0000000        0.0000000        0.0000000        0.0000000        0.0000000        0.7838947        0.9214991        0.9432310        0.9514197        0.9999941        
23.16            0                0                0                0                0                279929           131630           102129           90953            30               0.0000000        0.0000000        0.0000000        0.0000000        0.0000000        0.8118876        0.9346621        0.9534439        0.9605150        0.9999971        
23.46            0                0                0                0                0                256159           113027           86807            76317            12               0.0000000        0.0000000        0.0000000        0.0000000        0.0000000        0.8375035        0.9459648        0.9621246        0.9681467        0.9999983        
23.77            0                0                0                0                0                231071           97131            73024            63434            6                0.0000000        0.0000000        0.0000000        0.0000000        0.0000000        0.8606106        0.9556779        0.9694270        0.9744901        0.9999989        
24.07            0                0                0                0                0                207299           82251            60954            52513            4                0.0000000        0.0000000        0.0000000        0.0000000        0.0000000        0.8813405        0.9639030        0.9755224        0.9797414        0.9999993        
24.37            0                0                0                0                0                182929           69060            50281            42962            3                0.0000000        0.0000000        0.0000000        0.0000000        0.0000000        0.8996334        0.9708090        0.9805505        0.9840376        0.9999996        
24.68            0                0                0                0                0                161868           57651            41063            35080            1                0.0000000        0.0000000        0.0000000        0.0000000        0.0000000        0.9158202        0.9765741        0.9846568        0.9875456        0.9999997        
24.98            0                0                0                0                0                140991           47839            33537            27689            1                0.0000000        0.0000000        0.0000000        0.0000000        0.0000000        0.9299193        0.9813580        0.9880105        0.9903145        0.9999998        
25.28            0                0                0                0                0                122081           38572            26811            22334            2                0.0000000        0.0000000        0.0000000        0.0000000        0.0000000        0.9421274        0.9852152        0.9906916        0.9925479        1.0000000        
25.58            0                0                0                0                0                104150           31966            21380            17774            0                0.0000000        0.0000000        0.0000000        0.0000000        0.0000000        0.9525424        0.9884118        0.9928296        0.9943253        1.0000000        
25.89            0                0                0                0                0                88726            25612            17023            13749            0                0.0000000        0.0000000        0.0000000        0.0000000        0.0000000        0.9614150        0.9909730        0.9945319        0.9957002        1.0000000        
26.19            0                0                0                0                0                74543            20288            13241            10783            0                0.0000000        0.0000000        0.0000000        0.0000000        0.0000000        0.9688693        0.9930018        0.9958560        0.9967785        1.0000000        
26.49            0                0                0                0                0                62114            16361            10089            8129             0                0.0000000        0.0000000        0.0000000        0.0000000        0.0000000        0.9750807        0.9946379        0.9968649        0.9975914        1.0000000        
26.80            0                0                0                0                0                50948            12732            8035             6250             0                0.0000000        0.0000000        0.0000000        0.0000000        0.0000000        0.9801755        0.9959111        0.9976684        0.9982164        1.0000000        
27.10            0                0                0                0                0                41915            9922             6124             4696             0                0.0000000        0.0000000        0.0000000        0.0000000        0.0000000        0.9843670        0.9969033        0.9982808        0.9986860        1.0000000        
27.40            0                0                0                0                0                34162            7769             4551             3601             0                0.0000000        0.0000000        0.0000000        0.0000000        0.0000000        0.9877832        0.9976802        0.9987359        0.9990461        1.0000000        
27.70            0                0                0                0                0                27372            5937             3403             2714             0                0.0000000        0.0000000        0.0000000        0.0000000        0.0000000        0.9905204        0.9982739        0.9990762        0.9993175        1.0000000        
28.01            0                0                0                0                0                21601            4481             2517             1865             0                0.0000000        0.0000000        0.0000000        0.0000000        0.0000000        0.9926805        0.9987220        0.9993279        0.9995040        1.0000000        
28.31            0                0                0                0                0                17046            3367             1864             1453             0                0.0000000        0.0000000        0.0000000        0.0000000        0.0000000        0.9943851        0.9990587        0.9995143        0.9996493        1.0000000        
28.61            0                0                0                0                0                13565            2534             1374             981              0                0.0000000        0.0000000        0.0000000        0.0000000        0.0000000        0.9957416        0.9993121        0.9996517        0.9997474        1.0000000        
28.92            0                0                0                0                0                10575            1899             1000             726              0                0.0000000        0.0000000        0.0000000        0.0000000        0.0000000        0.9967991        0.9995020        0.9997517        0.9998200        1.0000000        
29.22            0                0                0                0                0                7992             1395             737              561              0                0.0000000        0.0000000        0.0000000        0.0000000        0.0000000        0.9975983        0.9996415        0.9998254        0.9998761        1.0000000        
29.52            0                0                0                0                0                6120             1045             503              364              0                0.0000000        0.0000000        0.0000000        0.0000000        0.0000000        0.9982103        0.9997460        0.9998757        0.9999125        1.0000000        
29.82            0                0                0                0                0                4732             727              405              264              0                0.0000000        0.0000000        0.0000000        0.0000000        0.0000000        0.9986835        0.9998187        0.9999162        0.9999389        1.0000000        
30.13            0                0                0                0                0                3487             543              273              190              0                0.0000000        0.0000000        0.0000000        0.0000000        0.0000000        0.9990322        0.9998730        0.9999435        0.9999579        1.0000000        
30.43            0                0                0                0                0                2726             405              202              138              0                0.0000000        0.0000000        0.0000000        0.0000000        0.0000000        0.9993048        0.9999135        0.9999637        0.9999717        1.0000000        
30.73            0                0                0                0                0                1965             268              121              86               0                0.0000000        0.0000000        0.0000000        0.0000000        0.0000000        0.9995013        0.9999403        0.9999758        0.9999803        1.0000000        
31.04            0                0                0                0                0                1411             201              70               68               0                0.0000000        0.0000000        0.0000000        0.0000000        0.0000000        0.9996424        0.9999604        0.9999828        0.9999871        1.0000000        
31.34            0                0                0                0                0                1069             118              53               39               0                0.0000000        0.0000000        0.0000000        0.0000000        0.0000000        0.9997493        0.9999722        0.9999881        0.9999910        1.0000000        
31.64            0                0                0                0                0                737              93               48               31               0                0.0000000        0.0000000        0.0000000        0.0000000        0.0000000        0.9998230        0.9999815        0.9999929        0.9999941        1.0000000        
31.94            0                0                0                0                0                539              57               23               18               0                0.0000000        0.0000000        0.0000000        0.0000000        0.0000000        0.9998769        0.9999872        0.9999952        0.9999959        1.0000000        
32.25            0                0                0                0                0                347              45               12               16               0                0.0000000        0.0000000        0.0000000        0.0000000        0.0000000        0.9999116        0.9999917        0.9999964        0.9999975        1.0000000        
32.55            0                0                0                0                0                271              28               9                4                0                0.0000000        0.0000000        0.0000000        0.0000000        0.0000000        0.9999387        0.9999945        0.9999973        0.9999979        1.0000000        
32.85            0                0                0                0                0                193              18               8                5                0                0.0000000        0.0000000        0.0000000        0.0000000        0.0000000        0.9999580        0.9999963        0.9999981        0.9999984        1.0000000        
33.15            0                0                0                0                0                146              8                5                7                0                0.0000000        0.0000000        0.0000000        0.0000000        0.0000000        0.9999726        0.9999971        0.9999986        0.9999991        1.0000000        
33.46            0                0                0                0                0                95               10               4                1                0                0.0000000        0.0000000        0.0000000        0.0000000        0.0000000        0.9999821        0.9999981        0.9999990        0.9999992        1.0000000        
33.76            0                0                0                0                0                51               11               7                3                0                0.0000000        0.0000000        0.0000000        0.0000000        0.0000000        0.9999872        0.9999992        0.9999997        0.9999995        1.0000000        
34.06            0                0                0                0                0                43               2                1                4                0                0.0000000        0.0000000        0.0000000        0.0000000        0.0000000        0.9999915        0.9999994        0.9999998        0.9999999        1.0000000        
34.37            0                0                0                0                0                30               2                1                0                0                0.0000000        0.0000000        0.0000000        0.0000000        0.0000000        0.9999945        0.9999996        0.9999999        0.9999999        1.0000000        
34.67            0                0                0                0                0                17               2                0                1                0                0.0000000        0.0000000        0.0000000        0.0000000        0.0000000        0.9999962        0.9999998        0.9999999        1.0000000        1.0000000        
34.97            0                0                0                0                0                18               0                0                0                0                0.0000000        0.0000000        0.0000000        0.0000000        0.0000000        0.9999980        0.9999998        0.9999999        1.0000000        1.0000000        
35.27            0                0                0                0                0                6                1                0                0                0                0.0000000        0.0000000        0.0000000        0.0000000        0.0000000        0.9999986        0.9999999        0.9999999        1.0000000        1.0000000        
35.58            0                0                0                0                0                6                0                0                0                0                0.0000000        0.0000000        0.0000000        0.0000000        0.0000000        0.9999992        0.9999999        0.9999999        1.0000000        1.0000000        
35.88            0                0                0                0                0                5                1                0                0                0                0.0000000        0.0000000        0.0000000        0.0000000        0.0000000        0.9999997        1.0000000        0.9999999        1.0000000        1.0000000        
36.18            0                0                0                0                0                1                0                0                0                0                0.0000000        0.0000000        0.0000000        0.0000000        0.0000000        0.9999998        1.0000000        0.9999999        1.0000000        1.0000000        
36.49            0                0                0                0                0                1                0                0                0                0                0.0000000        0.0000000        0.0000000        0.0000000        0.0000000        0.9999999        1.0000000        0.9999999        1.0000000        1.0000000        
36.79            0                0                0                0                0                1                0                0                0                0                0.0000000        0.0000000        0.0000000        0.0000000        0.0000000        1.0000000        1.0000000        0.9999999        1.0000000        1.0000000        
37.09            0                0                0                0                0                0                0                0                0                0                0.0000000        0.0000000        0.0000000        0.0000000        0.0000000        1.0000000        1.0000000        0.9999999        1.0000000        1.0000000        
37.39            0                0                0                0                0                0                0                1                0                0                0.0000000        0.0000000        0.0000000        0.0000000        0.0000000        1.0000000        1.0000000        1.0000000        1.0000000        1.0000000        
37.70            0                0                0                0                0                0                0                0                0                0                0.0000000        0.0000000        0.0000000        0.0000000        0.0000000        1.0000000        1.0000000        1.0000000        1.0000000        1.0000000        
38.00            0                0                0                0                0                0                0                0                0                0                0.0000000        0.0000000        0.0000000        0.0000000        0.0000000        1.0000000        1.0000000        1.0000000        1.0000000        1.0000000        
