edge             Nfa_NONE         Nfa_L2           Nfa_L1           Nfa_L1B          Nfa_LINF         Nmd_NONE         Nmd_L2           Nmd_L1           Nmd_L1B          Nmd_LINF         Pfa_NONE         Pfa_L2           Pfa_L1           Pfa_L1B          Pfa_LINF         Pmd_NONE         Pmd_L2           Pmd_L1           Pmd_L1B          Pmd_LINF         
-5.00            0                0                0                0                0                0                0                0                0                0                1.0000000        1.0000000        1.0000000        1.0000000        1.0000000        0.0000000        0.0000000        0.0000000        0.0000000        0.0000000        
-4.68            0                0                0                0                0                0                0                0                0                0                1.0000000        1.0000000        1.0000000        1.0000000        1.0000000        0.0000000        0.0000000        0.0000000        0.0000000        0.0000000        
-4.37            6                0                2                1                12               0                0                0                0                0                0.9999994        1.0000000        0.9999998        0.9999999        0.9999988        0.0000000        0.0000000        0.0000000        0.0000000        0.0000000        
-4.05            46               2                13               13               95               0                0                0                0                0                0.9999948        0.9999998        0.9999985        0.9999986        0.9999893        0.0000000        0.0000000        0.0000000        0.0000000        0.0000000        
-3.73            308              60               95               87               516              0                0                0                0                0                0.9999640        0.9999938        0.9999890        0.9999899        0.9999377        0.0000000        0.0000000        0.0000000        0.0000000        0.0000000        
-3.42            1530             489              596              705              2198             0                0                0                0                0                0.9998110        0.9999449        0.9999294        0.9999194        0.9997179        0.0000000        0.0000000        0.0000000        0.0000000        0.0000000        
-3.10            6315             2955             3416             3603             8351             0                0                0                0                0                0.9991795        0.9996494        0.9995878        0.9995591        0.9988828        0.0000000        0.0000000        0.0000000        0.0000000        0.0000000        
-2.78            21613            13757            14761            15372            25691            0                0                0                0                0                0.9970182        0.9982737        0.9981117        0.9980219        0.9963137        0.0000000        0.0000000        0.0000000        0.0000000        0.0000000        
-2.46            61782            47677            49843            51017            68890            0                0                0                0                0                0.9908400        0.9935060        0.9931274        0.9929202        0.9894247        0.0000000        0.0000000        0.0000000        0.0000000        0.0000000        
-2.15            149844           133007           135216           135951           156643           0                0                0                0                0                0.9758556        0.9802053        0.9796058        0.9793251        0.9737604        0.0000000        0.0000000        0.0000000        0.0000000        0.0000000        
-1.83            306456           297760           298211           299019           309420           0                0                0                0                0                0.9452100        0.9504293        0.9497847        0.9494232        0.9428184        0.0000000        0.0000000        0.0000000        0.0000000        0.0000000        
-1.51            536211           547976           545645           544943           530278           0                0                0                0                0                0.8915889        0.8956317        0.8952202        0.8949289        0.8897906        0.0000000        0.0000000        0.0000000        0.0000000        0.0000000        
-1.20            809141           845100           840842           838300           794327           0                0                0                0                0                0.8106748        0.8111217        0.8111360        0.8110989        0.8103579        0.0000000        0.0000000        0.0000000        0.0000000        0.0000000        
-0.88            1068036          1114140          1108709          1104536          1047526          0                0                0                0                1                0.7038712        0.6997077        0.7002651        0.7006453        0.7056053        0.0000000        0.0000000        0.0000000        0.0000000        0.0000001        
-0.56            1240862          1278134          1273513          1272796          1220944          0                0                0                0                1                0.5797850        0.5718943        0.5729138        0.5733657        0.5835109        0.0000000        0.0000000        0.0000000        0.0000000        0.0000002        
-0.25            1286106          1295745          1292901          1292218          1278200          0                0                0                0                2                0.4511744        0.4423198        0.4436237        0.4441439        0.4556909        0.0000000        0.0000000        0.0000000        0.0000000        0.0000004        
0.07             1196039          1180929          1184326          1184860          1204309          0                0                0                0                2                0.3315705        0.3242269        0.3251911        0.3256579        0.3352600        0.0000000        0.0000000        0.0000000        0.0000000        0.0000006        
0.39             1013217          982085           987018           989298           1027018          0                0                0                0                5                0.2302488        0.2260184        0.2264893        0.2267281        0.2325582        0.0000000        0.0000000        0.0000000        0.0000000        0.0000011        
0.70             788089           756617           760103           762254           803001           0                0                0                0                20               0.1514399        0.1503567        0.1504790        0.1505027        0.1522581        0.0000000        0.0000000        0.0000000        0.0000000        0.0000031        
1.02             566343           544666           547688           548961           581282           0                0                0                0                27               0.0948056        0.0958901        0.0957102        0.0956066        0.0941299        0.0000000        0.0000000        0.0000000        0.0000000        0.0000058        
1.34             382758           369300           370788           371627           390083           0                0                0                1                56               0.0565298        0.0589601        0.0586314        0.0584439        0.0551216        0.0000000        0.0000000        0.0000000        0.0000001        0.0000114        
1.65             243173           238826           239344           239802           244098           0                0                0                0                110              0.0322125        0.0350775        0.0346970        0.0344637        0.0307118        0.0000000        0.0000000        0.0000000        0.0000001        0.0000224        
1.97             145605           148284           147995           147199           144572           0                0                0                0                202              0.0176520        0.0202491        0.0198975        0.0197438        0.0162546        0.0000000        0.0000000        0.0000000        0.0000001        0.0000426        
2.29             83489            89087            88212            87720            80317            0                1                1                1                354              0.0093031        0.0113404        0.0110763        0.0109718        0.0082229        0.0000000        0.0000001        0.0000001        0.0000002        0.0000780        
2.61             45718            51697            50778            50290            42310            0                0                1                0                586              0.0047313        0.0061707        0.0059985        0.0059428        0.0039919        0.0000000        0.0000001        0.0000002        0.0000002        0.0001366        
2.92             23955            28882            28076            28183            21254            0                0                0                0                1038             0.0023358        0.0032825        0.0031909        0.0031245        0.0018665        0.0000000        0.0000001        0.0000002        0.0000002        0.0002404        
3.24             12173            15796            15408            15186            10324            0                0                1                2                1591             0.0011185        0.0017029        0.0016501        0.0016059        0.0008341        0.0000000        0.0000001        0.0000003        0.0000004        0.0003995        
3.56             5974             8315             8221             7911             4685             0                3                0                3                2550             0.0005211        0.0008714        0.0008280        0.0008148        0.0003656        0.0000000        0.0000004        0.0000003        0.0000007        0.0006545        
3.87             2809             4405             4235             4154             2091             0                3                7                5                4137             0.0002402        0.0004309        0.0004045        0.0003994        0.0001565        0.0000000        0.0000007        0.0000010        0.0000012        0.0010682        
4.19             1360             2203             2083             2123             932              0                4                5                6                6206             0.0001042        0.0002106        0.0001962        0.0001871        0.0000633        0.0000000        0.0000011        0.0000015        0.0000018        0.0016888        
4.51             618              1104             1004             976              376              0                5                10               5                9459             0.0000424        0.0001002        0.0000958        0.0000895        0.0000257        0.0000000        0.0000016        0.0000025        0.0000023        0.0026347        
4.82             237              528              511              470              165              0                12               15               18               13777            0.0000187        0.0000474        0.0000447        0.0000425        0.0000092        0.0000000        0.0000028        0.0000040        0.0000041        0.0040124        
5.14             107              241              224              211              66               0                14               26               26               19882            0.0000080        0.0000233        0.0000223        0.0000214        0.0000026        0.0000000        0.0000042        0.0000066        0.0000067        0.0060006        
5.46             52               125              114              121              12               0                22               47               51               28104            0.0000028        0.0000108        0.0000109        0.0000093        0.0000014        0.0000000        0.0000064        0.0000113        0.0000118        0.0088110        
5.77             17               59               61               53               8                0                26               57               77               38638            0.0000011        0.0000049        0.0000048        0.0000040        0.0000006        0.0000000        0.0000090        0.0000170        0.0000195        0.0126748        
6.09             5                28               23               28               3                1                66               97               144              52490            0.0000006        0.0000021        0.0000025        0.0000012        0.0000003        0.0000001        0.0000156        0.0000267        0.0000339        0.0179238        
6.41             3                13               11               10               2                3                81               149              174              68864            0.0000003        0.0000008        0.0000014        0.0000002        0.0000001        0.0000004        0.0000237        0.0000416        0.0000513        0.0248102        
6.73             3                5                9                1                1                1                140              237              299              89210            0.0000000        0.0000003        0.0000005        0.0000001        0.0000000        0.0000005        0.0000377        0.0000653        0.0000812        0.0337312        
7.04             0                3                3                1                0                6                232              363              419              113453           0.0000000        0.0000000        0.0000002        0.0000000        0.0000000        0.0000011        0.0000609        0.0001016        0.0001231        0.0450765        
7.36             0                0                1                0                0                10               343              476              659              141419           0.0000000        0.0000000        0.0000001        0.0000000        0.0000000        0.0000021        0.0000952        0.0001492        0.0001890        0.0592184        
7.68             0                0                0                0                0                14               521              709              928              172855           0.0000000        0.0000000        0.0000001        0.0000000        0.0000000        0.0000035        0.0001473        0.0002201        0.0002818        0.0765039        
7.99             0                0                1                0                0                18               695              1189             1373             207654           0.0000000        0.0000000        0.0000000        0.0000000        0.0000000        0.0000053        0.0002168        0.0003390        0.0004191        0.0972693        
8.31             0                0                0                0                0                49               1071             1569             1946             245819           0.0000000        0.0000000        0.0000000        0.0000000        0.0000000        0.0000102        0.0003239        0.0004959        0.0006137        0.1218512        
8.63             0                0                0                0                0                66               1462             2117             2644             282990           0.0000000        0.0000000        0.0000000        0.0000000        0.0000000        0.0000168        0.0004701        0.0007076        0.0008781        0.1501502        
8.94             0                0                0                0                0                96               2058             2951             3679             323325           0.0000000        0.0000000        0.0000000        0.0000000        0.0000000        0.0000264        0.0006759        0.0010027        0.0012460        0.1824827        
9.26             0                0                0                0                0                216              2834             4115             4925             361906           0.0000000        0.0000000        0.0000000        0.0000000        0.0000000        0.0000480        0.0009593        0.0014142        0.0017385        0.2186733        
9.58             0                0                0                0                0                272              3854             5547             6689             398168           0.0000000        0.0000000        0.0000000        0.0000000        0.0000000        0.0000752        0.0013447        0.0019689        0.0024074        0.2584901        
9.89             0                0                0                0                0                426              5235             7431             8820             429954           0.0000000        0.0000000        0.0000000        0.0000000        0.0000000        0.0001178        0.0018682        0.0027120        0.0032894        0.3014855        
10.21            0                0                0                0                0                683              6809             9937             11775            457420           0.0000000        0.0000000        0.0000000        0.0000000        0.0000000        0.0001861        0.0025491        0.0037057        0.0044669        0.3472275        
10.53            0                0                0                0                0                927              9165             12819            15530            478946           0.0000000        0.0000000        0.0000000        0.0000000        0.0000000        0.0002788        0.0034656        0.0049876        0.0060199        0.3951221        
10.85            0                0                0                0                0                1377             11875            16647            19804            494060           0.0000000        0.0000000        0.0000000        0.0000000        0.0000000        0.0004165        0.0046531        0.0066523        0.0080003        0.4445281        
11.16            0                0                0                0                0                2011             15544            21582            25539            498427           0.0000000        0.0000000        0.0000000        0.0000000        0.0000000        0.0006176        0.0062075        0.0088105        0.0105542        0.4943708        
11.48            0                0                0                0                0                2875             19579            27038            31909            498066           0.0000000        0.0000000        0.0000000        0.0000000        0.0000000        0.0009051        0.0081654        0.0115143        0.0137451        0.5441774        
11.80            0                0                0                0                0                3990             24752            33546            39315            489173           0.0000000        0.0000000        0.0000000        0.0000000        0.0000000        0.0013041        0.0106406        0.0148689        0.0176766        0.5930947        
12.11            0                0                0                0                0                5561             30978            41729            48911            472358           0.0000000        0.0000000        0.0000000        0.0000000        0.0000000        0.0018602        0.0137384        0.0190418        0.0225677        0.6403305        
12.43            0                0                0                0                0                7651             37790            51218            59128            450485           0.0000000        0.0000000        0.0000000        0.0000000        0.0000000        0.0026253        0.0175174        0.0241636        0.0284805        0.6853790        
12.75            0                0                0                0                0                10232            46365            61535            71711            422237           0.0000000        0.0000000        0.0000000        0.0000000        0.0000000        0.0036485        0.0221539        0.0303171        0.0356516        0.7276027        
13.06            0                0                0                0                0                13666            56098            74112            84482            391490           0.0000000        0.0000000        0.0000000        0.0000000        0.0000000        0.0050151        0.0277637        0.0377283        0.0440998        0.7667517        
13.38            0                0                0                0                0                17774            67627            87436            100070           356498           0.0000000        0.0000000        0.0000000        0.0000000        0.0000000        0.0067925        0.0345264        0.0464719        0.0541068        0.8024015        
13.70            0                0                0                0                0                22920            79873            102247           115995           320369           0.0000000        0.0000000        0.0000000        0.0000000        0.0000000        0.0090845        0.0425137        0.0566966        0.0657063        0.8344384        
14.01            0                0                0                0                0                29468            93767            118894           134656           283867           0.0000000        0.0000000        0.0000000        0.0000000        0.0000000        0.0120313        0.0518904        0.0685860        0.0791719        0.8628251        
14.33            0                0                0                0                0                36776            108281           137206           153660           246551           0.0000000        0.0000000        0.0000000        0.0000000        0.0000000        0.0157089        0.0627185        0.0823066        0.0945379        0.8874802        
14.65            0                0                0                0                0                46442            125284           156254           173245           213889           0.0000000        0.0000000        0.0000000        0.0000000        0.0000000        0.0203531        0.0752469        0.0979320        0.1118624        0.9088691        
14.96            0                0                0                0                0                57125            142984           176196           195397           180790           0.0000000        0.0000000        0.0000000        0.0000000        0.0000000        0.0260656        0.0895453        0.1155516        0.1314021        0.9269481        
15.28            0                0                0                0                0                69406            161275           197183           216673           151732           0.0000000        0.0000000        0.0000000        0.0000000        0.0000000        0.0330062        0.1056728        0.1352699        0.1530694        0.9421213        
15.60            0                0                0                0                0                83836            181016           217492           236920           125593           0.0000000        0.0000000        0.0000000        0.0000000        0.0000000        0.0413898        0.1237744        0.1570191        0.1767614        0.9546806        
15.92            0                0                0                0                0                99550            200490           239266           257766           101878           0.0000000        0.0000000        0.0000000        0.0000000        0.0000000        0.0513448        0.1438234        0.1809457        0.2025380        0.9648684        
16.23            0                0                0                0                0                116845           221329           259390           277885           82354            0.0000000        0.0000000        0.0000000        0.0000000        0.0000000        0.0630293        0.1659563        0.2068847        0.2303265        0.9731038        
16.55            0                0                0                0                0                135826           240817           278919           298838           65444            0.0000000        0.0000000        0.0000000        0.0000000        0.0000000        0.0766119        0.1900380        0.2347766        0.2602103        0.9796482        
16.87            0                0                0                0                0                157889           259870           297304           315864           51186            0.0000000        0.0000000        0.0000000        0.0000000        0.0000000        0.0924008        0.2160250        0.2645070        0.2917967        0.9847668        
17.18            0                0                0                0                0                178961           278081           314157           331254           39698            0.0000000        0.0000000        0.0000000        0.0000000        0.0000000        0.1102969        0.2438331        0.2959227        0.3249221        0.9887366        
17.50            0                0                0                0                0                201455           295204           328658           343540           30277            0.0000000        0.0000000        0.0000000        0.0000000        0.0000000        0.1304424        0.2733535        0.3287885        0.3592761        0.9917643        
17.82            0                0                0                0                0                225325           310916           340088           354816           22819            0.0000000        0.0000000        0.0000000        0.0000000        0.0000000        0.1529749        0.3044451        0.3627973        0.3947577        0.9940462        
18.13            0                0                0                0                0                248459           325993           351954           362379           17062            0.0000000        0.0000000        0.0000000        0.0000000        0.0000000        0.1778208        0.3370444        0.3979927        0.4309956        0.9957524        
18.45            0                0                0                0                0                271413           336638           358843           368153           12532            0.0000000        0.0000000        0.0000000        0.0000000        0.0000000        0.2049621        0.3707082        0.4338770        0.4678109        0.9970056        
18.77            0                0                0                0                0                294076           345556           363295           369356           9192             0.0000000        0.0000000        0.0000000        0.0000000        0.0000000        0.2343697        0.4052638        0.4702065        0.5047465        0.9979248        
19.08            0                0                0                0                0                314904           352431           364546           368336           6439             0.0000000        0.0000000        0.0000000        0.0000000        0.0000000        0.2658601        0.4405069        0.5066611        0.5415801        0.9985687        
19.40            0                0                0                0                0                332669           355444           362856           361885           4534             0.0000000        0.0000000        0.0000000        0.0000000        0.0000000        0.2991270        0.4760513        0.5429467        0.5777686        0.9990221        
19.72            0                0                0                0                0                349063           356509           358941           355197           3137             0.0000000        0.0000000        0.0000000        0.0000000        0.0000000        0.3340333        0.5117022        0.5788408        0.6132883        0.9993358        
20.04            0                0                0                0                0                363122           354675           351460           344881           2194             0.0000000        0.0000000        0.0000000        0.0000000        0.0000000        0.3703455        0.5471697        0.6139868        0.6477764        0.9995552        
20.35            0                0                0                0                0                374636           349234           340121           332463           1545             0.0000000        0.0000000        0.0000000        0.0000000        0.0000000        0.4078091        0.5820931        0.6479989        0.6810227        0.9997097        
20.67            0                0                0                0                0                380473           342484           327852           316909           1001             0.0000000        0.0000000        0.0000000        0.0000000        0.0000000        0.4458564        0.6163415        0.6807841        0.7127136        0.9998098        
20.99            0                0                0                0                0                384210           332642           313432           300795           677              0.0000000        0.0000000        0.0000000        0.0000000        0.0000000        0.4842774        0.6496057        0.7121273        0.7427931        0.9998775        
21.30            0                0                0                0                0                385175           321660           298414           282989           445              0.0000000        0.0000000        0.0000000        0.0000000        0.0000000        0.5227949        0.6817717        0.7419687        0.7710920        0.9999220        
21.62            0                0                0                0                0                381425           307342           280636           263727           309              0.0000000        0.0000000        0.0000000        0.0000000        0.0000000        0.5609374        0.7125059        0.7700323        0.7974647        0.9999529        
21.94            0                0                0                0                0                374901           291243           261959           244418           176              0.0000000        0.0000000        0.0000000        0.0000000        0.0000000        0.5984275        0.7416302        0.7962282        0.8219065        0.9999705        
22.25            0                0                0                0                0                364076           273821           242598           224678           110              0.0000000        0.0000000        0.0000000        0.0000000        0.0000000        0.6348351        0.7690123        0.8204880        0.8443743        0.9999815        
22.57            0                0                0                0                0                352028           256128           222526           203747           73               0.0000000        0.0000000        0.0000000        0.0000000        0.0000000        0.6700379        0.7946251        0.8427406        0.8647490        0.9999888        
22.89            0                0                0                0                0                336701           238037           204132           184675           44               0.0000000        0.0000000        0.0000000        0.0000000        0.0000000        0.7037080        0.8184288        0.8631538        0.8832165        0.9999932        
23.20            0                0                0                0                0                318950           219899           184022           166013           23               0.0000000        0.0000000        0.0000000        0.0000000        0.0000000        0.7356030        0.8404187        0.8815560        0.8998178        0.9999955        
23.52            0                0                0                0                0                299819           201733           165056           147086           12               0.0000000        0.0000000        0.0000000        0.0000000        0.0000000        0.7655849        0.8605920        0.8980616        0.9145264        0.9999967        
23.84            0                0                0                0                0                278847           182204           148541           130611           15               0.0000000        0.0000000        0.0000000        0.0000000        0.0000000        0.7934696        0.8788124        0.9129157        0.9275875        0.9999982        
24.15            0                0                0                0                0                257473           164407           130316           114162           8                0.0000000        0.0000000        0.0000000        0.0000000        0.0000000        0.8192169        0.8952531        0.9259473        0.9390037        0.9999990        
24.47            0                0                0                0                0                235576           147022           114624           99207            4                0.0000000        0.0000000        0.0000000        0.0000000        0.0000000        0.8427745        0.9099553        0.9374097        0.9489244        0.9999994        
24.79            0                0                0                0                0                213922           131720           100574           86349            3                0.0000000        0.0000000        0.0000000        0.0000000        0.0000000        0.8641667        0.9231273        0.9474671        0.9575593        0.9999997        
25.11            0                0                0                0                0                193538           116061           87280            72954            3                0.0000000        0.0000000        0.0000000        0.0000000        0.0000000        0.8835205        0.9347334        0.9561951        0.9648547        1.0000000        
25.42            0                0                0                0                0                171985           101703           74915            62987            0                0.0000000        0.0000000        0.0000000        0.0000000        0.0000000        0.9007190        0.9449037        0.9636866        0.9711534        1.0000000        
25.74            0                0                0                0                0                152345           88720            63629            52973            0                0.0000000        0.0000000        0.0000000        0.0000000        0.0000000        0.9159535        0.9537757        0.9700495        0.9764507        1.0000000        
26.06            0                0                0                0                0                133858           76477            54131            44480            0                0.0000000        0.0000000        0.0000000        0.0000000        0.0000000        0.9293393        0.9614234        0.9754626        0.9808987        1.0000000        
26.37            0                0                0                0                0                116676           65677            45584            37106            0                0.0000000        0.0000000        0.0000000        0.0000000        0.0000000        0.9410069        0.9679911        0.9800210        0.9846093        1.0000000        
26.69            0                0                0                0                0                100087           56201            38071            30478            0                0.0000000        0.0000000        0.0000000        0.0000000        0.0000000        0.9510156        0.9736112        0.9838281        0.9876571        1.0000000        
27.01            0                0                0                0                0                86016            47764            31709            25384            0                0.0000000        0.0000000        0.0000000        0.0000000        0.0000000        0.9596172        0.9783876        0.9869990        0.9901955        1.0000000        
27.32            0                0                0                0                0                73047            39993            26034            20433            0                0.0000000        0.0000000        0.0000000        0.0000000        0.0000000        0.9669219        0.9823869        0.9896024        0.9922388        1.0000000        
27.64            0                0                0                0                0                61829            33428            21297            16631            0                0.0000000        0.0000000        0.0000000        0.0000000        0.0000000        0.9731048        0.9857297        0.9917321        0.9939019        1.0000000        
27.96            0                0                0                0                0                51506            27699            17480            13317            0                0.0000000        0.0000000        0.0000000        0.0000000        0.0000000        0.9782554        0.9884996        0.9934801        0.9952336        1.0000000        
28.27            0                0                0                0                0                42844            23105            13998            10742            0                0.0000000        0.0000000        0.0000000        0.0000000        0.0000000        0.9825398        0.9908101        0.9948799        0.9963078        1.0000000        
28.59            0                0                0                0                0                35541            18772            11353            8463             0                0.0000000        0.0000000        0.0000000        0.0000000        0.0000000        0.9860939        0.9926873        0.9960152        0.9971541        1.0000000        
28.91            0                0                0                0                0                28893            15242            9001             6647             0                0.0000000        0.0000000        0.0000000        0.0000000        0.0000000        0.9889832        0.9942115        0.9969153        0.9978188        1.0000000        
29.23            0                0                0                0                0                23634            12213            7041             5233             0                0.0000000        0.0000000        0.0000000        0.0000000        0.0000000        0.9913466        0.9954328        0.9976194        0.9983421        1.0000000        
29.54            0                0                0                0                0                19267            9904             5564             4044             0                0.0000000        0.0000000        0.0000000        0.0000000        0.0000000        0.9932733        0.9964232        0.9981758        0.9987465        1.0000000        
29.86            0                0                0                0                0                14973            8063             4298             3164             0                0.0000000        0.0000000        0.0000000        0.0000000        0.0000000        0.9947706        0.9972295        0.9986056        0.9990629        1.0000000        
30.18            0                0                0                0                0                12051            6277             3441             2394             0                0.0000000        0.0000000        0.0000000        0.0000000        0.0000000        0.9959757        0.9978572        0.9989497        0.9993023        1.0000000        
30.49            0                0                0                0                0                9535             4993             2625             1824             0                0.0000000        0.0000000        0.0000000        0.0000000        0.0000000        0.9969292        0.9983565        0.9992122        0.9994847        1.0000000        
30.81            0                0                0                0                0                7371             3821             2048             1347             0                0.0000000        0.0000000        0.0000000        0.0000000        0.0000000        0.9976663        0.9987386        0.9994170        0.9996194        1.0000000        
31.13            0                0                0                0                0                5707             3091             1599             1010             0                0.0000000        0.0000000        0.0000000        0.0000000        0.0000000        0.9982370        0.9990477        0.9995769        0.9997204        1.0000000        
31.44            0                0                0                0                0                4484             2481             1130             771              0                0.0000000        0.0000000        0.0000000        0.0000000        0.0000000        0.9986854        0.9992958        0.9996899        0.9997975        1.0000000        
31.76            0                0                0                0                0                3349             1710             851              570              0                0.0000000        0.0000000        0.0000000        0.0000000        0.0000000        0.9990203        0.9994668        0.9997750        0.9998545        1.0000000        
32.08            0                0                0                0                0                2633             1361             645              390              0                0.0000000        0.0000000        0.0000000        0.0000000        0.0000000        0.9992836        0.9996029        0.9998395        0.9998935        1.0000000        
32.39            0                0                0                0                0                1853             1052             452              303              0                0.0000000        0.0000000        0.0000000        0.0000000        0.0000000        0.9994689        0.9997081        0.9998847        0.9999238        1.0000000        
32.71            0                0                0                0                0                1461             719              307              205              0                0.0000000        0.0000000        0.0000000        0.0000000        0.0000000        0.9996150        0.9997800        0.9999154        0.9999443        1.0000000        
33.03            0                0                0                0                0                1061             580              227              152              0                0.0000000        0.0000000        0.0000000        0.0000000        0.0000000        0.9997211        0.9998380        0.9999381        0.9999595        1.0000000        
33.35            0                0                0                0                0                780              429              198              111              0                0.0000000        0.0000000        0.0000000        0.0000000        0.0000000        0.9997991        0.9998809        0.9999579        0.9999706        1.0000000        
33.66            0                0                0                0                0                548              317              143              84               0                0.0000000        0.0000000        0.0000000        0.0000000        0.0000000        0.9998539        0.9999126        0.9999722        0.9999790        1.0000000        
33.98            0                0                0                0                0                438              231              83               63               0                0.0000000        0.0000000        0.0000000        0.0000000        0.0000000        0.9998977        0.9999357        0.9999805        0.9999853        1.0000000        
34.30            0                0                0                0                0                308              170              51               39               0                0.0000000        0.0000000        0.0000000        0.0000000        0.0000000        0.9999285        0.9999527        0.9999856        0.9999892        1.0000000        
34.61            0                0                0                0                0                222              155              52               37               0                0.0000000        0.0000000        0.0000000        0.0000000        0.0000000        0.9999507        0.9999682        0.9999908        0.9999929        1.0000000        
34.93            0                0                0                0                0                139              90               34               23               0                0.0000000        0.0000000        0.0000000        0.0000000        0.0000000        0.9999646        0.9999772        0.9999942        0.9999952        1.0000000        
35.25            0                0                0                0                0                120              63               17               19               0                0.0000000        0.0000000        0.0000000        0.0000000        0.0000000        0.9999766        0.9999835        0.9999959        0.9999971        1.0000000        
35.56            0                0                0                0                0                87               41               10               10               0                0.0000000        0.0000000        0.0000000        0.0000000        0.0000000        0.9999853        0.9999876        0.9999969        0.9999981        1.0000000        
35.88            0                0                0                0                0                43               40               10               6                0                0.0000000        0.0000000        0.0000000        0.0000000        0.0000000        0.9999896        0.9999916        0.9999979        0.9999987        1.0000000        
36.20            0                0                0                0                0                42               22               5                3                0                0.0000000        0.0000000        0.0000000        0.0000000        0.0000000        0.9999938        0.9999938        0.9999984        0.9999990        1.0000000        
36.51            0                0                0                0                0                26               16               6                8                0                0.0000000        0.0000000        0.0000000        0.0000000        0.0000000        0.9999964        0.9999954        0.9999990        0.9999998        1.0000000        
36.83            0                0                0                0                0                16               18               5                1                0                0.0000000        0.0000000        0.0000000        0.0000000        0.0000000        0.9999980        0.9999972        0.9999995        0.9999999        1.0000000        
37.15            0                0                0                0                0                7                14               2                0                0                0.0000000        0.0000000        0.0000000        0.0000000        0.0000000        0.9999987        0.9999986        0.9999997        0.9999999        1.0000000        
37.46            0                0                0                0                0                4                2                1                0                0                0.0000000        0.0000000        0.0000000        0.0000000        0.0000000        0.9999991        0.9999988        0.9999998        0.9999999        1.0000000        
37.78            0                0                0                0                0                4                3                1                0                0                0.0000000        0.0000000        0.0000000        0.0000000        0.0000000        0.9999995        0.9999991        0.9999999        0.9999999        1.0000000        
38.10            0                0                0                0                0                1                3                0                1                0                0.0000000        0.0000000        0.0000000        0.0000000        0.0000000        0.9999996        0.9999994        0.9999999        1.0000000        1.0000000        
38.42            0                0                0                0                0                3                4                0                0                0                0.0000000        0.0000000        0.0000000        0.0000000        0.0000000        0.9999999        0.9999998        0.9999999        1.0000000        1.0000000        
38.73            0                0                0                0                0                0                0                0                0                0                0.0000000        0.0000000        0.0000000        0.0000000        0.0000000        0.9999999        0.9999998        0.9999999        1.0000000        1.0000000        
39.05            0                0                0                0                0                1                1                1                0                0                0.0000000        0.0000000        0.0000000        0.0000000        0.0000000        1.0000000        0.9999999        1.0000000        1.0000000        1.0000000        
39.37            0                0                0                0                0                0                0                0                0                0                0.0000000        0.0000000        0.0000000        0.0000000        0.0000000        1.0000000        0.9999999        1.0000000        1.0000000        1.0000000        
39.68            0                0                0                0                0                0                1                0                0                0                0.0000000        0.0000000        0.0000000        0.0000000        0.0000000        1.0000000        1.0000000        1.0000000        1.0000000        1.0000000        
40.00            0                0                0                0                0                0                0                0                0                0                0.0000000        0.0000000        0.0000000        0.0000000        0.0000000        1.0000000        1.0000000        1.0000000        1.0000000        1.0000000        
