Nfa_NONE         Nfa_L2           Nfa_L1           Nfa_L1B          Nfa_LINF         Nmd_NONE         Nmd_L2           Nmd_L1           Nmd_L1B          Nmd_LINF         Pfa_NONE         Pfa_L2           Pfa_L1           Pfa_L1B          Pfa_LINF         Pmd_NONE         Pmd_L2           Pmd_L1           Pmd_L1B          Pmd_LINF         
3                2                0                0                1                0                0                0                0                0                0.9999997        0.9999998        1.0000000        1.0000000        0.9999999        0.0000000        0.0000000        0.0000000        0.0000000        0.0000000        
35               17               0                0                3                0                0                0                0                0                0.9999962        0.9999981        1.0000000        1.0000000        0.9999996        0.0000000        0.0000000        0.0000000        0.0000000        0.0000000        
167              108              0                0                9                0                0                0                0                0                0.9999795        0.9999873        1.0000000        1.0000000        0.9999987        0.0000000        0.0000000        0.0000000        0.0000000        0.0000000        
727              713              0                0                27               0                0                0                0                0                0.9999068        0.9999160        1.0000000        1.0000000        0.9999960        0.0000000        0.0000000        0.0000000        0.0000000        0.0000000        
2966             3016             0                0                117              0                0                0                0                0                0.9996102        0.9996144        1.0000000        1.0000000        0.9999843        0.0000000        0.0000000        0.0000000        0.0000000        0.0000000        
10078            10929            3                0                323              0                0                0                0                0                0.9986024        0.9985215        0.9999997        1.0000000        0.9999520        0.0000000        0.0000000        0.0000000        0.0000000        0.0000000        
29423            33011            16               0                819              0                0                0                0                0                0.9956601        0.9952204        0.9999981        1.0000000        0.9998701        0.0000000        0.0000000        0.0000000        0.0000000        0.0000000        
72979            84186            182              0                2049             0                0                0                0                0                0.9883622        0.9868018        0.9999799        1.0000000        0.9996652        0.0000000        0.0000000        0.0000000        0.0000000        0.0000000        
157600           182606           1138             1                4971             0                0                0                0                0                0.9726022        0.9685412        0.9998661        0.9999999        0.9991681        0.0000000        0.0000000        0.0000000        0.0000000        0.0000000        
298317           339961           5291             2                10882            0                0                0                0                0                0.9427705        0.9345451        0.9993370        0.9999997        0.9980799        0.0000000        0.0000000        0.0000000        0.0000000        0.0000000        
493699           552069           20899            44               22598            0                0                0                0                0                0.8934006        0.8793382        0.9972471        0.9999953        0.9958201        0.0000000        0.0000000        0.0000000        0.0000000        0.0000000        
724793           788739           65801            345              43689            0                0                0                0                0                0.8209213        0.8004643        0.9906670        0.9999608        0.9914512        0.0000000        0.0000000        0.0000000        0.0000000        0.0000000        
945145           1003294          166887           1720             77300            0                0                0                0                0                0.7264068        0.7001349        0.9739783        0.9997888        0.9837212        0.0000000        0.0000000        0.0000000        0.0000000        0.0000000        
1110742          1139851          351748           7479             129568           0                0                0                0                0                0.6153326        0.5861498        0.9388035        0.9990409        0.9707644        0.0000000        0.0000000        0.0000000        0.0000000        0.0000000        
1181556          1176211          619124           25575            201704           0                0                0                0                0                0.4971770        0.4685287        0.8768911        0.9964834        0.9505940        0.0000000        0.0000000        0.0000000        0.0000000        0.0000000        
1146774          1112279          923637           72563            296734           0                0                0                0                0                0.3824996        0.3573008        0.7845274        0.9892271        0.9209206        0.0000000        0.0000000        0.0000000        0.0000000        0.0000000        
1023395          968663           1183798          171537           405829           0                0                0                0                0                0.2801601        0.2604345        0.6661476        0.9720734        0.8803377        0.0000000        0.0000000        0.0000000        0.0000000        0.0000000        
847662           787747           1327264          341266           526999           0                0                0                0                0                0.1953939        0.1816598        0.5334212        0.9379468        0.8276378        0.0000000        0.0000000        0.0000000        0.0000000        0.0000000        
652161           600932           1312010          579168           645883           0                0                0                0                0                0.1301778        0.1215666        0.4022202        0.8800300        0.7630495        0.0000000        0.0000000        0.0000000        0.0000000        0.0000000        
472069           433023           1168597          849741           744718           0                0                0                0                0                0.0829709        0.0782643        0.2853605        0.7950559        0.6885777        0.0000000        0.0000000        0.0000000        0.0000000        0.0000000        
323491           296992           940646           1090227          816722           0                0                0                0                0                0.0506218        0.0485651        0.1912959        0.6860332        0.6069055        0.0000000        0.0000000        0.0000000        0.0000000        0.0000000        
209488           193692           699759           1239331          855253           0                0                0                0                0                0.0296730        0.0291959        0.1213200        0.5621001        0.5213802        0.0000000        0.0000000        0.0000000        0.0000000        0.0000000        
128824           121684           481776           1257048          848059           0                0                0                0                0                0.0167906        0.0170275        0.0731424        0.4363953        0.4365743        0.0000000        0.0000000        0.0000000        0.0000000        0.0000000        
76600            74071            310628           1156002          807592           0                0                0                0                0                0.0091306        0.0096204        0.0420796        0.3207951        0.3558151        0.0000000        0.0000000        0.0000000        0.0000000        0.0000000        
43478            43392            188950           969531           733671           0                0                0                0                0                0.0047828        0.0052812        0.0231846        0.2238420        0.2824480        0.0000000        0.0000000        0.0000000        0.0000000        0.0000000        
23507            24620            109201           754824           641080           0                0                0                0                0                0.0024321        0.0028192        0.0122645        0.1483596        0.2183400        0.0000000        0.0000000        0.0000000        0.0000000        0.0000000        
12202            13449            60178            544629           538891           0                0                0                0                0                0.0012119        0.0014743        0.0062467        0.0938967        0.1644509        0.0000000        0.0000000        0.0000000        0.0000000        0.0000000        
6256             7380             31649            370249           437961           0                0                0                0                2                0.0005863        0.0007363        0.0030818        0.0568718        0.1206548        0.0000000        0.0000000        0.0000000        0.0000000        0.0000002        
3131             3707             16381            238276           341792           0                0                0                0                3                0.0002732        0.0003656        0.0014437        0.0330442        0.0864756        0.0000000        0.0000000        0.0000000        0.0000000        0.0000005        
1468             1842             7836             145542           260935           0                2                1                0                5                0.0001264        0.0001814        0.0006601        0.0184900        0.0603821        0.0000000        0.0000002        0.0000001        0.0000000        0.0000010        
711              995              3673             85005            191491           0                1                0                0                9                0.0000553        0.0000819        0.0002928        0.0099895        0.0412330        0.0000000        0.0000003        0.0000001        0.0000000        0.0000019        
314              442              1668             47461            136722           0                2                2                0                12               0.0000239        0.0000377        0.0001260        0.0052434        0.0275608        0.0000000        0.0000005        0.0000003        0.0000000        0.0000031        
133              197              735              25751            95329            0                3                2                0                21               0.0000106        0.0000180        0.0000525        0.0026683        0.0180279        0.0000000        0.0000008        0.0000005        0.0000000        0.0000052        
56               100              321              13611            64805            0                8                4                0                33               0.0000050        0.0000080        0.0000204        0.0013072        0.0115474        0.0000000        0.0000016        0.0000009        0.0000000        0.0000085        
28               44               128              6834             43372            1                14               7                0                48               0.0000022        0.0000036        0.0000076        0.0006238        0.0072102        0.0000001        0.0000030        0.0000016        0.0000000        0.0000133        
14               25               50               3365             27674            0                11               17               0                74               0.0000008        0.0000011        0.0000026        0.0002873        0.0044428        0.0000001        0.0000041        0.0000033        0.0000000        0.0000207        
4                4                17               1590             17645            0                32               25               2                113              0.0000004        0.0000007        0.0000009        0.0001283        0.0026783        0.0000001        0.0000073        0.0000058        0.0000002        0.0000320        
3                4                4                780              10849            0                43               42               1                175              0.0000001        0.0000003        0.0000005        0.0000503        0.0015934        0.0000001        0.0000116        0.0000100        0.0000003        0.0000495        
1                3                4                286              6748             0                70               86               2                264              0.0000000        0.0000000        0.0000001        0.0000217        0.0009186        0.0000001        0.0000186        0.0000186        0.0000005        0.0000759        
0                0                0                132              3966             1                92               132              11               404              0.0000000        0.0000000        0.0000001        0.0000085        0.0005220        0.0000002        0.0000278        0.0000318        0.0000016        0.0001163        
0                0                1                50               2219             2                155              211              19               558              0.0000000        0.0000000        0.0000000        0.0000035        0.0003001        0.0000004        0.0000433        0.0000529        0.0000035        0.0001721        
0                0                0                21               1299             4                251              339              23               772              0.0000000        0.0000000        0.0000000        0.0000014        0.0001702        0.0000008        0.0000684        0.0000868        0.0000058        0.0002493        
0                0                0                7                784              7                355              587              37               1160             0.0000000        0.0000000        0.0000000        0.0000007        0.0000918        0.0000015        0.0001039        0.0001455        0.0000095        0.0003653        
0                0                0                4                413              15               545              857              70               1543             0.0000000        0.0000000        0.0000000        0.0000003        0.0000505        0.0000030        0.0001584        0.0002312        0.0000165        0.0005196        
0                0                0                2                244              29               735              1362             127              2202             0.0000000        0.0000000        0.0000000        0.0000001        0.0000261        0.0000059        0.0002319        0.0003674        0.0000292        0.0007398        
0                0                0                1                122              44               1118             2071             193              2901             0.0000000        0.0000000        0.0000000        0.0000000        0.0000139        0.0000103        0.0003437        0.0005745        0.0000485        0.0010299        
0                0                0                0                77               75               1659             3122             307              4058             0.0000000        0.0000000        0.0000000        0.0000000        0.0000062        0.0000178        0.0005096        0.0008867        0.0000792        0.0014357        
0                0                0                0                34               109              2377             4407             500              5409             0.0000000        0.0000000        0.0000000        0.0000000        0.0000028        0.0000287        0.0007473        0.0013274        0.0001292        0.0019766        
0                0                0                0                15               179              3167             6408             731              7015             0.0000000        0.0000000        0.0000000        0.0000000        0.0000013        0.0000466        0.0010640        0.0019682        0.0002023        0.0026781        
0                0                0                0                5                246              4377             8884             1185             9541             0.0000000        0.0000000        0.0000000        0.0000000        0.0000008        0.0000712        0.0015017        0.0028566        0.0003208        0.0036322        
0                0                0                0                5                405              6153             12772            1678             12130            0.0000000        0.0000000        0.0000000        0.0000000        0.0000003        0.0001117        0.0021170        0.0041338        0.0004886        0.0048452        
0                0                0                0                2                632              7989             17078            2436             15611            0.0000000        0.0000000        0.0000000        0.0000000        0.0000001        0.0001749        0.0029159        0.0058416        0.0007322        0.0064063        
0                0                0                0                1                929              10774            23156            3530             19922            0.0000000        0.0000000        0.0000000        0.0000000        0.0000000        0.0002678        0.0039933        0.0081572        0.0010852        0.0083985        
0                0                0                0                0                1310             14205            30482            4967             24660            0.0000000        0.0000000        0.0000000        0.0000000        0.0000000        0.0003988        0.0054138        0.0112054        0.0015819        0.0108645        
0                0                0                0                0                1915             18267            39660            7132             30916            0.0000000        0.0000000        0.0000000        0.0000000        0.0000000        0.0005903        0.0072405        0.0151714        0.0022951        0.0139561        
0                0                0                0                0                2726             23409            50917            9811             38055            0.0000000        0.0000000        0.0000000        0.0000000        0.0000000        0.0008629        0.0095814        0.0202631        0.0032762        0.0177616        
0                0                0                0                0                3848             29535            64572            13298            46143            0.0000000        0.0000000        0.0000000        0.0000000        0.0000000        0.0012477        0.0125349        0.0267203        0.0046060        0.0223759        
0                0                0                0                0                5412             36918            80680            17927            55536            0.0000000        0.0000000        0.0000000        0.0000000        0.0000000        0.0017889        0.0162267        0.0347883        0.0063987        0.0279295        
0                0                0                0                0                7401             45306            99656            23566            66785            0.0000000        0.0000000        0.0000000        0.0000000        0.0000000        0.0025290        0.0207573        0.0447539        0.0087553        0.0346080        
0                0                0                0                0                9741             56025            120211           30856            79198            0.0000000        0.0000000        0.0000000        0.0000000        0.0000000        0.0035031        0.0263598        0.0567750        0.0118409        0.0425278        
0                0                0                0                0                13019            67839            144682           39328            92638            0.0000000        0.0000000        0.0000000        0.0000000        0.0000000        0.0048050        0.0331437        0.0712432        0.0157737        0.0517916        
0                0                0                0                0                16954            80899            168916           49659            108100           0.0000000        0.0000000        0.0000000        0.0000000        0.0000000        0.0065004        0.0412336        0.0881348        0.0207396        0.0626016        
0                0                0                0                0                22221            96363            196345           62392            123910           0.0000000        0.0000000        0.0000000        0.0000000        0.0000000        0.0087225        0.0508699        0.1077693        0.0269788        0.0749926        
0                0                0                0                0                28468            113430           225614           77094            140874           0.0000000        0.0000000        0.0000000        0.0000000        0.0000000        0.0115693        0.0622129        0.1303307        0.0346882        0.0890800        
0                0                0                0                0                36067            130881           255862           93183            159891           0.0000000        0.0000000        0.0000000        0.0000000        0.0000000        0.0151760        0.0753010        0.1559169        0.0440065        0.1050691        
0                0                0                0                0                45509            150408           285221           112614           177787           0.0000000        0.0000000        0.0000000        0.0000000        0.0000000        0.0197269        0.0903418        0.1844390        0.0552679        0.1228478        
0                0                0                0                0                56073            171227           314845           133142           198600           0.0000000        0.0000000        0.0000000        0.0000000        0.0000000        0.0253342        0.1074645        0.2159235        0.0685821        0.1427078        
0                0                0                0                0                67968            192936           343330           156686           217039           0.0000000        0.0000000        0.0000000        0.0000000        0.0000000        0.0321310        0.1267581        0.2502565        0.0842507        0.1644117        
0                0                0                0                0                82436            214877           368428           181122           237292           0.0000000        0.0000000        0.0000000        0.0000000        0.0000000        0.0403746        0.1482458        0.2870993        0.1023629        0.1881409        
0                0                0                0                0                98403            238059           390906           207452           256718           0.0000000        0.0000000        0.0000000        0.0000000        0.0000000        0.0502149        0.1720517        0.3261899        0.1231081        0.2138127        
0                0                0                0                0                116438           259649           410768           234235           274567           0.0000000        0.0000000        0.0000000        0.0000000        0.0000000        0.0618587        0.1980166        0.3672667        0.1465316        0.2412694        
0                0                0                0                0                136225           282063           424416           260835           291825           0.0000000        0.0000000        0.0000000        0.0000000        0.0000000        0.0754812        0.2262229        0.4097083        0.1726151        0.2704519        
0                0                0                0                0                157101           301282           433500           288139           307994           0.0000000        0.0000000        0.0000000        0.0000000        0.0000000        0.0911913        0.2563511        0.4530583        0.2014290        0.3012513        
0                0                0                0                0                179753           319831           437685           314293           321560           0.0000000        0.0000000        0.0000000        0.0000000        0.0000000        0.1091666        0.2883342        0.4968268        0.2328583        0.3334073        
0                0                0                0                0                202674           336519           436298           337487           333077           0.0000000        0.0000000        0.0000000        0.0000000        0.0000000        0.1294340        0.3219861        0.5404566        0.2666070        0.3667150        
0                0                0                0                0                227756           351204           431343           360927           342257           0.0000000        0.0000000        0.0000000        0.0000000        0.0000000        0.1522096        0.3571065        0.5835909        0.3026997        0.4009407        
0                0                0                0                0                250419           362200           419577           379046           349784           0.0000000        0.0000000        0.0000000        0.0000000        0.0000000        0.1772515        0.3933265        0.6255486        0.3406043        0.4359191        
0                0                0                0                0                275270           371863           404789           395151           354285           0.0000000        0.0000000        0.0000000        0.0000000        0.0000000        0.2047785        0.4305128        0.6660275        0.3801194        0.4713476        
0                0                0                0                0                297574           375619           384894           407283           354902           0.0000000        0.0000000        0.0000000        0.0000000        0.0000000        0.2345359        0.4680747        0.7045169        0.4208477        0.5068378        
0                0                0                0                0                319877           377473           361150           414624           353978           0.0000000        0.0000000        0.0000000        0.0000000        0.0000000        0.2665236        0.5058220        0.7406319        0.4623101        0.5422356        
0                0                0                0                0                339359           375870           336576           416666           349427           0.0000000        0.0000000        0.0000000        0.0000000        0.0000000        0.3004595        0.5434090        0.7742895        0.5039767        0.5771783        
0                0                0                0                0                356261           372000           309294           414568           342278           0.0000000        0.0000000        0.0000000        0.0000000        0.0000000        0.3360856        0.5806090        0.8052189        0.5454335        0.6114061        
0                0                0                0                0                369331           363750           281641           409731           332393           0.0000000        0.0000000        0.0000000        0.0000000        0.0000000        0.3730187        0.6169840        0.8333830        0.5864066        0.6446454        
0                0                0                0                0                380673           352813           253706           398473           321226           0.0000000        0.0000000        0.0000000        0.0000000        0.0000000        0.4110860        0.6522653        0.8587536        0.6262539        0.6767680        
0                0                0                0                0                387231           339824           224836           384731           307882           0.0000000        0.0000000        0.0000000        0.0000000        0.0000000        0.4498091        0.6862477        0.8812372        0.6647270        0.7075562        
0                0                0                0                0                391464           323567           198000           367021           291881           0.0000000        0.0000000        0.0000000        0.0000000        0.0000000        0.4889555        0.7186044        0.9010372        0.7014291        0.7367443        
0                0                0                0                0                390483           306341           173686           347250           276366           0.0000000        0.0000000        0.0000000        0.0000000        0.0000000        0.5280038        0.7492385        0.9184058        0.7361541        0.7643809        
0                0                0                0                0                388044           286472           148432           323173           259887           0.0000000        0.0000000        0.0000000        0.0000000        0.0000000        0.5668082        0.7778857        0.9332490        0.7684714        0.7903696        
0                0                0                0                0                379614           265861           126007           300869           241020           0.0000000        0.0000000        0.0000000        0.0000000        0.0000000        0.6047696        0.8044718        0.9458497        0.7985583        0.8144716        
0                0                0                0                0                369809           246357           106139           275692           223213           0.0000000        0.0000000        0.0000000        0.0000000        0.0000000        0.6417505        0.8291075        0.9564636        0.8261275        0.8367929        
0                0                0                0                0                356208           224322           88643            249387           204191           0.0000000        0.0000000        0.0000000        0.0000000        0.0000000        0.6773713        0.8515397        0.9653279        0.8510662        0.8572120        
0                0                0                0                0                339247           202871           73036            223505           185789           0.0000000        0.0000000        0.0000000        0.0000000        0.0000000        0.7112960        0.8718268        0.9726315        0.8734167        0.8757909        
0                0                0                0                0                321026           182882           59702            198616           167646           0.0000000        0.0000000        0.0000000        0.0000000        0.0000000        0.7433986        0.8901150        0.9786017        0.8932783        0.8925555        
0                0                0                0                0                300166           163286           48216            174990           149684           0.0000000        0.0000000        0.0000000        0.0000000        0.0000000        0.7734152        0.9064436        0.9834233        0.9107773        0.9075239        
0                0                0                0                0                278486           144414           38685            151711           133407           0.0000000        0.0000000        0.0000000        0.0000000        0.0000000        0.8012638        0.9208850        0.9872918        0.9259484        0.9208646        
0                0                0                0                0                257014           126841           30322            130454           118363           0.0000000        0.0000000        0.0000000        0.0000000        0.0000000        0.8269652        0.9335691        0.9903240        0.9389938        0.9327009        
0                0                0                0                0                233787           109600           23853            111997           104000           0.0000000        0.0000000        0.0000000        0.0000000        0.0000000        0.8503439        0.9445291        0.9927093        0.9501935        0.9431009        
0                0                0                0                0                210369           95032            18607            95203            90589            0.0000000        0.0000000        0.0000000        0.0000000        0.0000000        0.8713808        0.9540323        0.9945700        0.9597138        0.9521598        
0                0                0                0                0                189207           81268            14168            79631            78565            0.0000000        0.0000000        0.0000000        0.0000000        0.0000000        0.8903015        0.9621591        0.9959868        0.9676769        0.9600163        
0                0                0                0                0                166698           68935            10564            65859            67601            0.0000000        0.0000000        0.0000000        0.0000000        0.0000000        0.9069713        0.9690526        0.9970432        0.9742628        0.9667764        
0                0                0                0                0                147768           58091            8216             54105            58160            0.0000000        0.0000000        0.0000000        0.0000000        0.0000000        0.9217481        0.9748617        0.9978648        0.9796733        0.9725924        
0                0                0                0                0                128666           48858            5997             44196            49261            0.0000000        0.0000000        0.0000000        0.0000000        0.0000000        0.9346147        0.9797475        0.9984645        0.9840929        0.9775185        
0                0                0                0                0                111787           39744            4375             35851            41409            0.0000000        0.0000000        0.0000000        0.0000000        0.0000000        0.9457934        0.9837219        0.9989020        0.9876780        0.9816594        
0                0                0                0                0                95637            33212            3224             28081            34383            0.0000000        0.0000000        0.0000000        0.0000000        0.0000000        0.9553571        0.9870431        0.9992244        0.9904861        0.9850977        
0                0                0                0                0                81546            27243            2254             22586            28726            0.0000000        0.0000000        0.0000000        0.0000000        0.0000000        0.9635117        0.9897674        0.9994498        0.9927447        0.9879703        
0                0                0                0                0                68806            21956            1663             17689            23618            0.0000000        0.0000000        0.0000000        0.0000000        0.0000000        0.9703923        0.9919630        0.9996161        0.9945136        0.9903321        
0                0                0                0                0                57655            17586            1206             13734            19603            0.0000000        0.0000000        0.0000000        0.0000000        0.0000000        0.9761578        0.9937216        0.9997367        0.9958870        0.9922924        
0                0                0                0                0                47405            14175            813              10520            15835            0.0000000        0.0000000        0.0000000        0.0000000        0.0000000        0.9808983        0.9951391        0.9998180        0.9969390        0.9938759        
0                0                0                0                0                39367            11195            569              7903             12972            0.0000000        0.0000000        0.0000000        0.0000000        0.0000000        0.9848350        0.9962586        0.9998749        0.9977293        0.9951731        
0                0                0                0                0                32239            8755             433              6115             10534            0.0000000        0.0000000        0.0000000        0.0000000        0.0000000        0.9880589        0.9971341        0.9999182        0.9983408        0.9962265        
0                0                0                0                0                25903            6977             296              4503             8319             0.0000000        0.0000000        0.0000000        0.0000000        0.0000000        0.9906492        0.9978318        0.9999478        0.9987911        0.9970584        
0                0                0                0                0                20724            5314             184              3415             6619             0.0000000        0.0000000        0.0000000        0.0000000        0.0000000        0.9927216        0.9983632        0.9999662        0.9991326        0.9977203        
0                0                0                0                0                16425            4096             124              2485             5227             0.0000000        0.0000000        0.0000000        0.0000000        0.0000000        0.9943641        0.9987728        0.9999786        0.9993811        0.9982430        
0                0                0                0                0                13172            3130             64               1782             4142             0.0000000        0.0000000        0.0000000        0.0000000        0.0000000        0.9956813        0.9990858        0.9999850        0.9995593        0.9986572        
0                0                0                0                0                10431            2385             57               1309             3250             0.0000000        0.0000000        0.0000000        0.0000000        0.0000000        0.9967244        0.9993243        0.9999907        0.9996902        0.9989822        
0                0                0                0                0                7966             1787             39               891              2474             0.0000000        0.0000000        0.0000000        0.0000000        0.0000000        0.9975210        0.9995030        0.9999946        0.9997793        0.9992296        
0                0                0                0                0                6069             1334             15               671              1907             0.0000000        0.0000000        0.0000000        0.0000000        0.0000000        0.9981279        0.9996364        0.9999961        0.9998464        0.9994203        
0                0                0                0                0                4760             1019             11               501              1400             0.0000000        0.0000000        0.0000000        0.0000000        0.0000000        0.9986039        0.9997383        0.9999972        0.9998965        0.9995603        
0                0                0                0                0                3617             726              9                293              1155             0.0000000        0.0000000        0.0000000        0.0000000        0.0000000        0.9989656        0.9998109        0.9999981        0.9999258        0.9996758        
0                0                0                0                0                2764             526              5                230              822              0.0000000        0.0000000        0.0000000        0.0000000        0.0000000        0.9992420        0.9998635        0.9999986        0.9999488        0.9997580        
0                0                0                0                0                2108             421              4                172              651              0.0000000        0.0000000        0.0000000        0.0000000        0.0000000        0.9994528        0.9999056        0.9999990        0.9999660        0.9998231        
0                0                0                0                0                1486             288              7                110              462              0.0000000        0.0000000        0.0000000        0.0000000        0.0000000        0.9996014        0.9999344        0.9999997        0.9999770        0.9998693        
0                0                0                0                0                1145             208              1                78               358              0.0000000        0.0000000        0.0000000        0.0000000        0.0000000        0.9997159        0.9999552        0.9999998        0.9999848        0.9999051        
0                0                0                0                0                801              134              1                50               269              0.0000000        0.0000000        0.0000000        0.0000000        0.0000000        0.9997960        0.9999686        0.9999999        0.9999898        0.9999320        
0                0                0                0                0                585              93               0                32               184              0.0000000        0.0000000        0.0000000        0.0000000        0.0000000        0.9998545        0.9999779        0.9999999        0.9999930        0.9999504        
0                0                0                0                0                422              70               0                25               120              0.0000000        0.0000000        0.0000000        0.0000000        0.0000000        0.9998967        0.9999849        0.9999999        0.9999955        0.9999624        
0                0                0                0                0                293              49               0                18               98               0.0000000        0.0000000        0.0000000        0.0000000        0.0000000        0.9999260        0.9999898        0.9999999        0.9999973        0.9999722        
0                0                0                0                0                220              37               0                5                84               0.0000000        0.0000000        0.0000000        0.0000000        0.0000000        0.9999480        0.9999935        0.9999999        0.9999978        0.9999806        
0                0                0                0                0                186              18               0                5                52               0.0000000        0.0000000        0.0000000        0.0000000        0.0000000        0.9999666        0.9999953        0.9999999        0.9999983        0.9999858        
0                0                0                0                0                96               13               0                6                41               0.0000000        0.0000000        0.0000000        0.0000000        0.0000000        0.9999762        0.9999966        0.9999999        0.9999989        0.9999899        
0                0                0                0                0                82               10               0                3                25               0.0000000        0.0000000        0.0000000        0.0000000        0.0000000        0.9999844        0.9999976        0.9999999        0.9999992        0.9999924        
0                0                0                0                0                40               8                0                3                22               0.0000000        0.0000000        0.0000000        0.0000000        0.0000000        0.9999884        0.9999984        0.9999999        0.9999995        0.9999946        
0                0                0                0                0                41               9                1                2                22               0.0000000        0.0000000        0.0000000        0.0000000        0.0000000        0.9999925        0.9999993        1.0000000        0.9999997        0.9999968        
0                0                0                0                0                23               2                0                2                9                0.0000000        0.0000000        0.0000000        0.0000000        0.0000000        0.9999948        0.9999995        1.0000000        0.9999999        0.9999977        
0                0                0                0                0                19               1                0                1                10               0.0000000        0.0000000        0.0000000        0.0000000        0.0000000        0.9999967        0.9999996        1.0000000        1.0000000        0.9999987        
0                0                0                0                0                15               2                0                0                2                0.0000000        0.0000000        0.0000000        0.0000000        0.0000000        0.9999982        0.9999998        1.0000000        1.0000000        0.9999989        
0                0                0                0                0                5                0                0                0                3                0.0000000        0.0000000        0.0000000        0.0000000        0.0000000        0.9999987        0.9999998        1.0000000        1.0000000        0.9999992        
0                0                0                0                0                5                1                0                0                2                0.0000000        0.0000000        0.0000000        0.0000000        0.0000000        0.9999992        0.9999999        1.0000000        1.0000000        0.9999994        
0                0                0                0                0                5                0                0                0                2                0.0000000        0.0000000        0.0000000        0.0000000        0.0000000        0.9999997        0.9999999        1.0000000        1.0000000        0.9999996        
0                0                0                0                0                1                1                0                0                0                0.0000000        0.0000000        0.0000000        0.0000000        0.0000000        0.9999998        1.0000000        1.0000000        1.0000000        0.9999996        
0                0                0                0                0                1                0                0                0                2                0.0000000        0.0000000        0.0000000        0.0000000        0.0000000        0.9999999        1.0000000        1.0000000        1.0000000        0.9999998        
0                0                0                0                0                1                0                0                0                2                0.0000000        0.0000000        0.0000000        0.0000000        0.0000000        1.0000000        1.0000000        1.0000000        1.0000000        1.0000000        
0                0                0                0                0                0                0                0                0                0                0.0000000        0.0000000        0.0000000        0.0000000        0.0000000        1.0000000        1.0000000        1.0000000        1.0000000        1.0000000        
