edge             Nfa_NONE         Nfa_L2           Nfa_L1           Nfa_LINF         Nmd_NONE         Nmd_L2           Nmd_L1           Nmd_LINF         Pfa_NONE         Pfa_L2           Pfa_L1           Pfa_LINF         Pmd_NONE         Pmd_L2           Pmd_L1           Pmd_LINF         
-5.00            0                0                0                0                0                0                0                0                1.0000000        1.0000000        1.0000000        1.0000000        0.0000000        0.0000000        0.0000000        0.0000000        
-4.75            0                0                0                0                0                0                0                0                1.0000000        1.0000000        1.0000000        1.0000000        0.0000000        0.0000000        0.0000000        0.0000000        
-4.50            4                0                0                8                0                0                0                0                0.9999996        1.0000000        1.0000000        0.9999992        0.0000000        0.0000000        0.0000000        0.0000000        
-4.25            7                0                1                21               0                0                0                0                0.9999989        1.0000000        0.9999999        0.9999971        0.0000000        0.0000000        0.0000000        0.0000000        
-4.00            34               3                9                81               0                0                0                0                0.9999955        0.9999997        0.9999990        0.9999890        0.0000000        0.0000000        0.0000000        0.0000000        
-3.75            170              27               47               326              0                0                0                0                0.9999785        0.9999970        0.9999943        0.9999564        0.0000000        0.0000000        0.0000000        0.0000000        
-3.50            631              172              201              1007             0                0                0                0                0.9999154        0.9999798        0.9999742        0.9998557        0.0000000        0.0000000        0.0000000        0.0000000        
-3.25            2159             832              965              3017             0                0                0                0                0.9996995        0.9998966        0.9998777        0.9995540        0.0000000        0.0000000        0.0000000        0.0000000        
-3.00            6205             3316             3609             8074             0                0                0                0                0.9990790        0.9995650        0.9995168        0.9987466        0.0000000        0.0000000        0.0000000        0.0000000        
-2.75            16594            10332            11116            19888            0                0                0                0                0.9974196        0.9985318        0.9984052        0.9967578        0.0000000        0.0000000        0.0000000        0.0000000        
-2.50            38767            29091            30200            44058            0                0                0                0                0.9935429        0.9956227        0.9953852        0.9923520        0.0000000        0.0000000        0.0000000        0.0000000        
-2.25            81946            68686            70708            87894            0                0                0                0                0.9853483        0.9887541        0.9883144        0.9835626        0.0000000        0.0000000        0.0000000        0.0000000        
-2.00            154781           142616           144671           159418           0                0                0                0                0.9698702        0.9744925        0.9738473        0.9676208        0.0000000        0.0000000        0.0000000        0.0000000        
-1.75            264384           259768           259532           266545           0                0                0                0                0.9434318        0.9485157        0.9478941        0.9409663        0.0000000        0.0000000        0.0000000        0.0000000        
-1.50            409851           417287           416131           406549           0                0                0                0                0.9024467        0.9067870        0.9062810        0.9003114        0.0000000        0.0000000        0.0000000        0.0000000        
-1.25            580322           601907           598719           568052           0                0                0                0                0.8444145        0.8465963        0.8464091        0.8435062        0.0000000        0.0000000        0.0000000        0.0000000        
-1.00            750570           784227           779694           734394           0                0                0                0                0.7693575        0.7681736        0.7684397        0.7700668        0.0000000        0.0000000        0.0000000        0.0000000        
-0.75            894400           930130           926405           877666           0                0                0                0                0.6799175        0.6751606        0.6757992        0.6823002        0.0000000        0.0000000        0.0000000        0.0000000        
-0.50            988899           1016090          1011706          973627           0                0                0                0                0.5810276        0.5735516        0.5746286        0.5849375        0.0000000        0.0000000        0.0000000        0.0000000        
-0.25            1015500          1028120          1029459          1011069          0                0                0                1                0.4794776        0.4707396        0.4716827        0.4838306        0.0000000        0.0000000        0.0000000        0.0000001        
0.00             977796           974078           974222           978707           0                0                0                1                0.3816980        0.3733318        0.3742605        0.3859599        0.0000000        0.0000000        0.0000000        0.0000002        
0.25             884889           867115           870495           893428           0                0                0                3                0.2932091        0.2866203        0.2872110        0.2966171        0.0000000        0.0000000        0.0000000        0.0000005        
0.50             757870           730513           732840           768456           0                0                0                7                0.2174221        0.2135690        0.2139270        0.2197715        0.0000000        0.0000000        0.0000000        0.0000012        
0.75             614267           588332           591594           628770           0                0                0                7                0.1559954        0.1547358        0.1547676        0.1568945        0.0000000        0.0000000        0.0000000        0.0000019        
1.00             475080           456429           457738           488316           0                0                0                24               0.1084874        0.1090929        0.1089938        0.1080629        0.0000000        0.0000000        0.0000000        0.0000043        
1.25             353637           339815           340807           361299           0                0                0                36               0.0731237        0.0751114        0.0749131        0.0719330        0.0000000        0.0000000        0.0000000        0.0000079        
1.50             251913           245346           246064           255299           0                0                0                60               0.0479324        0.0505768        0.0503067        0.0464031        0.0000000        0.0000000        0.0000000        0.0000139        
1.75             173627           172051           172014           173855           0                0                0                72               0.0305697        0.0333717        0.0331053        0.0290176        0.0000000        0.0000000        0.0000000        0.0000211        
2.00             115196           117684           117264           114235           0                0                0                166              0.0190501        0.0216033        0.0213789        0.0175941        0.0000000        0.0000000        0.0000000        0.0000377        
2.25             74772            78039            78158            72311            0                0                0                226              0.0115729        0.0137994        0.0135631        0.0103630        0.0000000        0.0000000        0.0000000        0.0000603        
2.50             46874            51456            51092            44033            0                0                0                345              0.0068855        0.0086538        0.0084539        0.0059597        0.0000000        0.0000000        0.0000000        0.0000948        
2.75             28860            33168            32890            26052            0                0                0                549              0.0039995        0.0053370        0.0051649        0.0033545        0.0000000        0.0000000        0.0000000        0.0001497        
3.00             17172            21084            20478            15367            0                1                1                830              0.0022823        0.0032286        0.0031171        0.0018178        0.0000000        0.0000001        0.0000001        0.0002327        
3.25             9899             12864            12729            8385             0                0                2                1256             0.0012924        0.0019422        0.0018442        0.0009793        0.0000000        0.0000001        0.0000003        0.0003583        
3.50             5793             7989             7606             4727             0                0                4                1813             0.0007131        0.0011433        0.0010836        0.0005066        0.0000000        0.0000001        0.0000007        0.0005396        
3.75             3301             4795             4563             2524             0                0                1                2619             0.0003830        0.0006638        0.0006273        0.0002542        0.0000000        0.0000001        0.0000008        0.0008015        
4.00             1802             2842             2717             1217             0                3                4                3651             0.0002028        0.0003796        0.0003556        0.0001325        0.0000000        0.0000004        0.0000012        0.0011666        
4.25             960              1639             1537             664              0                5                7                5094             0.0001068        0.0002157        0.0002019        0.0000661        0.0000000        0.0000009        0.0000019        0.0016760        
4.50             545              927              912              322              0                9                5                7043             0.0000523        0.0001230        0.0001107        0.0000339        0.0000000        0.0000018        0.0000024        0.0023803        
4.75             260              554              514              194              0                5                8                9554             0.0000263        0.0000676        0.0000593        0.0000145        0.0000000        0.0000023        0.0000032        0.0033357        
5.00             129              285              248              85               0                13               15               13004            0.0000134        0.0000391        0.0000345        0.0000060        0.0000000        0.0000036        0.0000047        0.0046361        
5.25             66               186              166              34               0                11               22               17110            0.0000068        0.0000205        0.0000179        0.0000026        0.0000000        0.0000047        0.0000069        0.0063471        
5.50             28               93               88               14               0                16               31               22406            0.0000040        0.0000112        0.0000091        0.0000012        0.0000000        0.0000063        0.0000100        0.0085877        
5.75             21               58               47               5                1                23               45               28874            0.0000019        0.0000054        0.0000044        0.0000007        0.0000001        0.0000086        0.0000145        0.0114751        
6.00             8                24               22               4                1                42               70               36657            0.0000011        0.0000030        0.0000022        0.0000003        0.0000002        0.0000128        0.0000215        0.0151408        
6.25             7                15               9                1                0                67               72               46052            0.0000004        0.0000015        0.0000013        0.0000002        0.0000002        0.0000195        0.0000287        0.0197460        
6.50             3                11               8                1                1                76               129              57202            0.0000001        0.0000004        0.0000005        0.0000001        0.0000003        0.0000271        0.0000416        0.0254662        
6.75             0                1                2                1                2                127              200              70046            0.0000001        0.0000003        0.0000003        0.0000000        0.0000005        0.0000398        0.0000616        0.0324708        
7.00             0                0                2                0                4                161              259              84866            0.0000001        0.0000003        0.0000001        0.0000000        0.0000009        0.0000559        0.0000875        0.0409574        
7.25             1                1                0                0                4                220              337              101977           0.0000000        0.0000002        0.0000001        0.0000000        0.0000013        0.0000779        0.0001212        0.0511551        
7.50             0                0                1                0                11               261              483              119895           0.0000000        0.0000002        0.0000000        0.0000000        0.0000024        0.0001040        0.0001695        0.0631446        
7.75             0                1                0                0                9                424              596              139586           0.0000000        0.0000001        0.0000000        0.0000000        0.0000033        0.0001464        0.0002291        0.0771032        
8.00             0                1                0                0                17               532              859              162108           0.0000000        0.0000000        0.0000000        0.0000000        0.0000050        0.0001996        0.0003150        0.0933140        
8.25             0                0                0                0                33               739              1088             184879           0.0000000        0.0000000        0.0000000        0.0000000        0.0000083        0.0002735        0.0004238        0.1118019        
8.50             0                0                0                0                35               960              1336             208518           0.0000000        0.0000000        0.0000000        0.0000000        0.0000118        0.0003695        0.0005574        0.1326537        
8.75             0                0                0                0                86               1285             1887             232572           0.0000000        0.0000000        0.0000000        0.0000000        0.0000204        0.0004980        0.0007461        0.1559109        
9.00             0                0                0                0                91               1718             2427             257157           0.0000000        0.0000000        0.0000000        0.0000000        0.0000295        0.0006698        0.0009888        0.1816266        
9.25             0                0                0                0                152              2194             3110             282368           0.0000000        0.0000000        0.0000000        0.0000000        0.0000447        0.0008892        0.0012998        0.2098634        
9.50             0                0                0                0                180              2747             3960             305199           0.0000000        0.0000000        0.0000000        0.0000000        0.0000627        0.0011639        0.0016958        0.2403833        
9.75             0                0                0                0                274              3343             4947             326040           0.0000000        0.0000000        0.0000000        0.0000000        0.0000901        0.0014982        0.0021905        0.2729873        
10.00            0                0                0                0                386              4397             6106             345263           0.0000000        0.0000000        0.0000000        0.0000000        0.0001287        0.0019379        0.0028011        0.3075136        
10.25            0                0                0                0                521              5341             7799             361336           0.0000000        0.0000000        0.0000000        0.0000000        0.0001808        0.0024720        0.0035810        0.3436472        
10.50            0                0                0                0                751              6776             9493             374439           0.0000000        0.0000000        0.0000000        0.0000000        0.0002559        0.0031496        0.0045303        0.3810911        
10.75            0                0                0                0                924              8577             11975            385344           0.0000000        0.0000000        0.0000000        0.0000000        0.0003483        0.0040073        0.0057278        0.4196255        
11.00            0                0                0                0                1298             10426            14627            391564           0.0000000        0.0000000        0.0000000        0.0000000        0.0004781        0.0050499        0.0071905        0.4587819        
11.25            0                0                0                0                1703             12555            17698            395251           0.0000000        0.0000000        0.0000000        0.0000000        0.0006484        0.0063054        0.0089603        0.4983070        
11.50            0                0                0                0                2244             15237            21062            393192           0.0000000        0.0000000        0.0000000        0.0000000        0.0008728        0.0078291        0.0110665        0.5376262        
11.75            0                0                0                0                2902             18227            25022            388515           0.0000000        0.0000000        0.0000000        0.0000000        0.0011630        0.0096518        0.0135687        0.5764777        
12.00            0                0                0                0                3761             21994            29968            379966           0.0000000        0.0000000        0.0000000        0.0000000        0.0015391        0.0118512        0.0165655        0.6144743        
12.25            0                0                0                0                4851             25820            35404            367117           0.0000000        0.0000000        0.0000000        0.0000000        0.0020242        0.0144332        0.0201059        0.6511860        
12.50            0                0                0                0                6205             30373            41252            352251           0.0000000        0.0000000        0.0000000        0.0000000        0.0026447        0.0174705        0.0242311        0.6864111        
12.75            0                0                0                0                7833             36031            48073            334976           0.0000000        0.0000000        0.0000000        0.0000000        0.0034280        0.0210736        0.0290384        0.7199087        
13.00            0                0                0                0                9658             41626            54951            316349           0.0000000        0.0000000        0.0000000        0.0000000        0.0043938        0.0252362        0.0345335        0.7515436        
13.25            0                0                0                0                12226            48372            63657            296457           0.0000000        0.0000000        0.0000000        0.0000000        0.0056164        0.0300734        0.0408992        0.7811893        
13.50            0                0                0                0                15274            55891            72241            273236           0.0000000        0.0000000        0.0000000        0.0000000        0.0071438        0.0356625        0.0481233        0.8085129        
13.75            0                0                0                0                18421            62907            82157            249534           0.0000000        0.0000000        0.0000000        0.0000000        0.0089859        0.0419532        0.0563390        0.8334663        
14.00            0                0                0                0                22340            72231            92050            227602           0.0000000        0.0000000        0.0000000        0.0000000        0.0112199        0.0491763        0.0655440        0.8562265        
14.25            0                0                0                0                26789            81420            103191           205178           0.0000000        0.0000000        0.0000000        0.0000000        0.0138988        0.0573183        0.0758631        0.8767443        
14.50            0                0                0                0                32438            91459            113763           183083           0.0000000        0.0000000        0.0000000        0.0000000        0.0171426        0.0664642        0.0872394        0.8950526        
14.75            0                0                0                0                38213            101759           126599           161652           0.0000000        0.0000000        0.0000000        0.0000000        0.0209639        0.0766401        0.0998993        0.9112178        
15.00            0                0                0                0                44416            112711           139370           142761           0.0000000        0.0000000        0.0000000        0.0000000        0.0254055        0.0879112        0.1138363        0.9254939        
15.25            0                0                0                0                52820            123870           151742           124187           0.0000000        0.0000000        0.0000000        0.0000000        0.0306875        0.1002982        0.1290105        0.9379126        
15.50            0                0                0                0                61508            136022           165585           106888           0.0000000        0.0000000        0.0000000        0.0000000        0.0368383        0.1139004        0.1455690        0.9486014        
15.75            0                0                0                0                70472            148701           177425           91340            0.0000000        0.0000000        0.0000000        0.0000000        0.0438855        0.1287705        0.1633115        0.9577354        
16.00            0                0                0                0                80717            160834           190301           77597            0.0000000        0.0000000        0.0000000        0.0000000        0.0519572        0.1448539        0.1823416        0.9654951        
16.25            0                0                0                0                91864            173790           203304           65378            0.0000000        0.0000000        0.0000000        0.0000000        0.0611436        0.1622329        0.2026720        0.9720329        
16.50            0                0                0                0                104142           185372           215330           54669            0.0000000        0.0000000        0.0000000        0.0000000        0.0715578        0.1807701        0.2242050        0.9774998        
16.75            0                0                0                0                116348           198005           227521           45302            0.0000000        0.0000000        0.0000000        0.0000000        0.0831926        0.2005706        0.2469571        0.9820300        
17.00            0                0                0                0                130178           210365           238086           37076            0.0000000        0.0000000        0.0000000        0.0000000        0.0962104        0.2216071        0.2707657        0.9857376        
17.25            0                0                0                0                143460           221648           248964           30102            0.0000000        0.0000000        0.0000000        0.0000000        0.1105564        0.2437719        0.2956621        0.9887478        
17.50            0                0                0                0                158139           231223           258558           24556            0.0000000        0.0000000        0.0000000        0.0000000        0.1263703        0.2668942        0.3215179        0.9912034        
17.75            0                0                0                0                171733           241487           266937           19499            0.0000000        0.0000000        0.0000000        0.0000000        0.1435436        0.2910429        0.3482116        0.9931533        
18.00            0                0                0                0                186883           250452           273957           15530            0.0000000        0.0000000        0.0000000        0.0000000        0.1622319        0.3160881        0.3756073        0.9947063        
18.25            0                0                0                0                200714           259310           279957           12354            0.0000000        0.0000000        0.0000000        0.0000000        0.1823033        0.3420191        0.4036030        0.9959417        
18.50            0                0                0                0                214998           266203           283669           9754             0.0000000        0.0000000        0.0000000        0.0000000        0.2038031        0.3686394        0.4319699        0.9969171        
18.75            0                0                0                0                229004           270973           285315           7627             0.0000000        0.0000000        0.0000000        0.0000000        0.2267035        0.3957367        0.4605014        0.9976798        
19.00            0                0                0                0                242230           276822           287172           5805             0.0000000        0.0000000        0.0000000        0.0000000        0.2509265        0.4234189        0.4892186        0.9982603        
19.25            0                0                0                0                254928           279185           287393           4422             0.0000000        0.0000000        0.0000000        0.0000000        0.2764193        0.4513374        0.5179579        0.9987025        
19.50            0                0                0                0                265598           280706           286790           3363             0.0000000        0.0000000        0.0000000        0.0000000        0.3029791        0.4794080        0.5466369        0.9990388        
19.75            0                0                0                0                276100           281852           282739           2474             0.0000000        0.0000000        0.0000000        0.0000000        0.3305891        0.5075932        0.5749108        0.9992862        
20.00            0                0                0                0                284469           279924           278851           1942             0.0000000        0.0000000        0.0000000        0.0000000        0.3590360        0.5355856        0.6027959        0.9994804        
20.25            0                0                0                0                291889           278468           272582           1472             0.0000000        0.0000000        0.0000000        0.0000000        0.3882249        0.5634324        0.6300541        0.9996276        
20.50            0                0                0                0                297656           274440           265688           1009             0.0000000        0.0000000        0.0000000        0.0000000        0.4179905        0.5908764        0.6566229        0.9997285        
20.75            0                0                0                0                301921           269309           257951           784              0.0000000        0.0000000        0.0000000        0.0000000        0.4481826        0.6178073        0.6824180        0.9998069        
21.00            0                0                0                0                303809           263502           248141           568              0.0000000        0.0000000        0.0000000        0.0000000        0.4785635        0.6441575        0.7072321        0.9998637        
21.25            0                0                0                0                303370           255812           238466           409              0.0000000        0.0000000        0.0000000        0.0000000        0.5089005        0.6697387        0.7310787        0.9999046        
21.50            0                0                0                0                302422           246733           228203           291              0.0000000        0.0000000        0.0000000        0.0000000        0.5391427        0.6944120        0.7538990        0.9999337        
21.75            0                0                0                0                299189           238547           216369           218              0.0000000        0.0000000        0.0000000        0.0000000        0.5690616        0.7182667        0.7755359        0.9999555        
22.00            0                0                0                0                295444           228434           204968           144              0.0000000        0.0000000        0.0000000        0.0000000        0.5986060        0.7411101        0.7960327        0.9999699        
22.25            0                0                0                0                289198           218284           192626           95               0.0000000        0.0000000        0.0000000        0.0000000        0.6275258        0.7629385        0.8152953        0.9999794        
22.50            0                0                0                0                280410           207633           181044           63               0.0000000        0.0000000        0.0000000        0.0000000        0.6555668        0.7837018        0.8333997        0.9999857        
22.75            0                0                0                0                272408           197393           169105           56               0.0000000        0.0000000        0.0000000        0.0000000        0.6828076        0.8034411        0.8503102        0.9999913        
23.00            0                0                0                0                261432           184356           156750           24               0.0000000        0.0000000        0.0000000        0.0000000        0.7089508        0.8218767        0.8659852        0.9999937        
23.25            0                0                0                0                250799           172809           144666           10               0.0000000        0.0000000        0.0000000        0.0000000        0.7340307        0.8391576        0.8804518        0.9999947        
23.50            0                0                0                0                238183           161347           133170           27               0.0000000        0.0000000        0.0000000        0.0000000        0.7578490        0.8552923        0.8937688        0.9999974        
23.75            0                0                0                0                226228           150353           121486           11               0.0000000        0.0000000        0.0000000        0.0000000        0.7804718        0.8703276        0.9059174        0.9999985        
24.00            0                0                0                0                212804           138604           111171           4                0.0000000        0.0000000        0.0000000        0.0000000        0.8017522        0.8841880        0.9170345        0.9999989        
24.25            0                0                0                0                199298           126461           100401           5                0.0000000        0.0000000        0.0000000        0.0000000        0.8216820        0.8968341        0.9270746        0.9999994        
24.50            0                0                0                0                185893           116633           90902            3                0.0000000        0.0000000        0.0000000        0.0000000        0.8402713        0.9084974        0.9361648        0.9999997        
24.75            0                0                0                0                171954           105723           81703            0                0.0000000        0.0000000        0.0000000        0.0000000        0.8574667        0.9190697        0.9443351        0.9999997        
25.00            0                0                0                0                159192           96858            73249            1                0.0000000        0.0000000        0.0000000        0.0000000        0.8733859        0.9287555        0.9516600        0.9999998        
25.25            0                0                0                0                146381           87246            64971            0                0.0000000        0.0000000        0.0000000        0.0000000        0.8880240        0.9374801        0.9581571        0.9999998        
25.50            0                0                0                0                133659           78855            57653            0                0.0000000        0.0000000        0.0000000        0.0000000        0.9013899        0.9453656        0.9639224        0.9999998        
25.75            0                0                0                0                120933           70544            50865            1                0.0000000        0.0000000        0.0000000        0.0000000        0.9134832        0.9524200        0.9690089        0.9999999        
26.00            0                0                0                0                109487           62837            44630            0                0.0000000        0.0000000        0.0000000        0.0000000        0.9244319        0.9587037        0.9734719        0.9999999        
26.25            0                0                0                0                97753            56195            39114            0                0.0000000        0.0000000        0.0000000        0.0000000        0.9342072        0.9643232        0.9773833        0.9999999        
26.50            0                0                0                0                88004            49235            34035            1                0.0000000        0.0000000        0.0000000        0.0000000        0.9430076        0.9692467        0.9807868        1.0000000        
26.75            0                0                0                0                77896            43530            29635            0                0.0000000        0.0000000        0.0000000        0.0000000        0.9507972        0.9735997        0.9837503        1.0000000        
27.00            0                0                0                0                69567            38434            25728            0                0.0000000        0.0000000        0.0000000        0.0000000        0.9577539        0.9774431        0.9863231        1.0000000        
27.25            0                0                0                0                60918            33516            22237            0                0.0000000        0.0000000        0.0000000        0.0000000        0.9638457        0.9807947        0.9885468        1.0000000        
27.50            0                0                0                0                53324            28881            18807            0                0.0000000        0.0000000        0.0000000        0.0000000        0.9691781        0.9836828        0.9904275        1.0000000        
27.75            0                0                0                0                46550            25069            16097            0                0.0000000        0.0000000        0.0000000        0.0000000        0.9738331        0.9861897        0.9920372        1.0000000        
28.00            0                0                0                0                41016            21727            13484            0                0.0000000        0.0000000        0.0000000        0.0000000        0.9779347        0.9883624        0.9933856        1.0000000        
28.25            0                0                0                0                35037            18616            11502            0                0.0000000        0.0000000        0.0000000        0.0000000        0.9814384        0.9902240        0.9945358        1.0000000        
28.50            0                0                0                0                29918            15937            9683             0                0.0000000        0.0000000        0.0000000        0.0000000        0.9844302        0.9918177        0.9955041        1.0000000        
28.75            0                0                0                0                25834            13639            7983             0                0.0000000        0.0000000        0.0000000        0.0000000        0.9870136        0.9931816        0.9963024        1.0000000        
29.00            0                0                0                0                22229            11574            6908             0                0.0000000        0.0000000        0.0000000        0.0000000        0.9892365        0.9943390        0.9969932        1.0000000        
29.25            0                0                0                0                18518            9799             5575             0                0.0000000        0.0000000        0.0000000        0.0000000        0.9910883        0.9953189        0.9975507        1.0000000        
29.50            0                0                0                0                15817            8338             4595             0                0.0000000        0.0000000        0.0000000        0.0000000        0.9926700        0.9961527        0.9980102        1.0000000        
29.75            0                0                0                0                13178            7036             3859             0                0.0000000        0.0000000        0.0000000        0.0000000        0.9939878        0.9968563        0.9983961        1.0000000        
30.00            0                0                0                0                10936            5619             3080             0                0.0000000        0.0000000        0.0000000        0.0000000        0.9950814        0.9974182        0.9987041        1.0000000        
30.25            0                0                0                0                9224             4758             2569             0                0.0000000        0.0000000        0.0000000        0.0000000        0.9960038        0.9978940        0.9989610        1.0000000        
30.50            0                0                0                0                7620             4102             2119             0                0.0000000        0.0000000        0.0000000        0.0000000        0.9967658        0.9983042        0.9991729        1.0000000        
30.75            0                0                0                0                6223             3247             1701             0                0.0000000        0.0000000        0.0000000        0.0000000        0.9973881        0.9986289        0.9993430        1.0000000        
31.00            0                0                0                0                5179             2624             1386             0                0.0000000        0.0000000        0.0000000        0.0000000        0.9979060        0.9988913        0.9994816        1.0000000        
31.25            0                0                0                0                4182             2146             1120             0                0.0000000        0.0000000        0.0000000        0.0000000        0.9983242        0.9991059        0.9995936        1.0000000        
31.50            0                0                0                0                3344             1775             871              0                0.0000000        0.0000000        0.0000000        0.0000000        0.9986586        0.9992834        0.9996807        1.0000000        
31.75            0                0                0                0                2691             1421             693              0                0.0000000        0.0000000        0.0000000        0.0000000        0.9989277        0.9994255        0.9997500        1.0000000        
32.00            0                0                0                0                2286             1163             548              0                0.0000000        0.0000000        0.0000000        0.0000000        0.9991563        0.9995418        0.9998048        1.0000000        
32.25            0                0                0                0                1765             909              437              0                0.0000000        0.0000000        0.0000000        0.0000000        0.9993328        0.9996327        0.9998485        1.0000000        
32.50            0                0                0                0                1454             748              325              0                0.0000000        0.0000000        0.0000000        0.0000000        0.9994782        0.9997075        0.9998810        1.0000000        
32.75            0                0                0                0                1147             586              266              0                0.0000000        0.0000000        0.0000000        0.0000000        0.9995929        0.9997661        0.9999076        1.0000000        
33.00            0                0                0                0                900              514              229              0                0.0000000        0.0000000        0.0000000        0.0000000        0.9996829        0.9998175        0.9999305        1.0000000        
33.25            0                0                0                0                725              430              183              0                0.0000000        0.0000000        0.0000000        0.0000000        0.9997554        0.9998605        0.9999488        1.0000000        
33.50            0                0                0                0                588              338              113              0                0.0000000        0.0000000        0.0000000        0.0000000        0.9998142        0.9998943        0.9999601        1.0000000        
33.75            0                0                0                0                429              262              103              0                0.0000000        0.0000000        0.0000000        0.0000000        0.9998571        0.9999205        0.9999704        1.0000000        
34.00            0                0                0                0                356              199              69               0                0.0000000        0.0000000        0.0000000        0.0000000        0.9998927        0.9999404        0.9999773        1.0000000        
34.25            0                0                0                0                269              150              51               0                0.0000000        0.0000000        0.0000000        0.0000000        0.9999196        0.9999554        0.9999824        1.0000000        
34.50            0                0                0                0                174              100              43               0                0.0000000        0.0000000        0.0000000        0.0000000        0.9999370        0.9999654        0.9999867        1.0000000        
34.75            0                0                0                0                148              75               30               0                0.0000000        0.0000000        0.0000000        0.0000000        0.9999518        0.9999729        0.9999897        1.0000000        
35.00            0                0                0                0                119              62               19               0                0.0000000        0.0000000        0.0000000        0.0000000        0.9999637        0.9999791        0.9999916        1.0000000        
35.25            0                0                0                0                80               43               21               0                0.0000000        0.0000000        0.0000000        0.0000000        0.9999717        0.9999834        0.9999937        1.0000000        
35.50            0                0                0                0                70               53               12               0                0.0000000        0.0000000        0.0000000        0.0000000        0.9999787        0.9999887        0.9999949        1.0000000        
35.75            0                0                0                0                59               33               16               0                0.0000000        0.0000000        0.0000000        0.0000000        0.9999846        0.9999920        0.9999965        1.0000000        
36.00            0                0                0                0                36               29               13               0                0.0000000        0.0000000        0.0000000        0.0000000        0.9999882        0.9999949        0.9999978        1.0000000        
36.25            0                0                0                0                33               12               6                0                0.0000000        0.0000000        0.0000000        0.0000000        0.9999915        0.9999961        0.9999984        1.0000000        
36.50            0                0                0                0                28               11               3                0                0.0000000        0.0000000        0.0000000        0.0000000        0.9999943        0.9999972        0.9999987        1.0000000        
36.75            0                0                0                0                10               4                3                0                0.0000000        0.0000000        0.0000000        0.0000000        0.9999953        0.9999976        0.9999990        1.0000000        
37.00            0                0                0                0                11               8                5                0                0.0000000        0.0000000        0.0000000        0.0000000        0.9999964        0.9999984        0.9999995        1.0000000        
37.25            0                0                0                0                7                3                2                0                0.0000000        0.0000000        0.0000000        0.0000000        0.9999971        0.9999987        0.9999997        1.0000000        
37.50            0                0                0                0                10               4                0                0                0.0000000        0.0000000        0.0000000        0.0000000        0.9999981        0.9999991        0.9999997        1.0000000        
37.75            0                0                0                0                8                3                1                0                0.0000000        0.0000000        0.0000000        0.0000000        0.9999989        0.9999994        0.9999998        1.0000000        
38.00            0                0                0                0                4                2                0                0                0.0000000        0.0000000        0.0000000        0.0000000        0.9999993        0.9999996        0.9999998        1.0000000        
38.25            0                0                0                0                0                2                1                0                0.0000000        0.0000000        0.0000000        0.0000000        0.9999993        0.9999998        0.9999999        1.0000000        
38.50            0                0                0                0                1                1                0                0                0.0000000        0.0000000        0.0000000        0.0000000        0.9999994        0.9999999        0.9999999        1.0000000        
38.75            0                0                0                0                2                1                1                0                0.0000000        0.0000000        0.0000000        0.0000000        0.9999996        1.0000000        1.0000000        1.0000000        
39.00            0                0                0                0                0                0                0                0                0.0000000        0.0000000        0.0000000        0.0000000        0.9999996        1.0000000        1.0000000        1.0000000        
39.25            0                0                0                0                0                0                0                0                0.0000000        0.0000000        0.0000000        0.0000000        0.9999996        1.0000000        1.0000000        1.0000000        
39.50            0                0                0                0                3                0                0                0                0.0000000        0.0000000        0.0000000        0.0000000        0.9999999        1.0000000        1.0000000        1.0000000        
39.75            0                0                0                0                0                0                0                0                0.0000000        0.0000000        0.0000000        0.0000000        0.9999999        1.0000000        1.0000000        1.0000000        
40.00            0                0                0                0                0                0                0                0                0.0000000        0.0000000        0.0000000        0.0000000        0.9999999        1.0000000        1.0000000        1.0000000        
40.25            0                0                0                0                1                0                0                0                0.0000000        0.0000000        0.0000000        0.0000000        1.0000000        1.0000000        1.0000000        1.0000000        
40.50            0                0                0                0                0                0                0                0                0.0000000        0.0000000        0.0000000        0.0000000        1.0000000        1.0000000        1.0000000        1.0000000        
40.75            0                0                0                0                0                0                0                0                0.0000000        0.0000000        0.0000000        0.0000000        1.0000000        1.0000000        1.0000000        1.0000000        
41.00            0                0                0                0                0                0                0                0                0.0000000        0.0000000        0.0000000        0.0000000        1.0000000        1.0000000        1.0000000        1.0000000        
