Nfa_NONE         Nfa_L2           Nfa_L1           Nfa_L1B          Nfa_LINF         Nmd_NONE         Nmd_L2           Nmd_L1           Nmd_L1B          Nmd_LINF         Pfa_NONE         Pfa_L2           Pfa_L1           Pfa_L1B          Pfa_LINF         Pmd_NONE         Pmd_L2           Pmd_L1           Pmd_L1B          Pmd_LINF         
11               0                0                0                9                0                0                0                0                0                0.9999989        1.0000000        1.0000000        1.0000000        0.9999991        0.0000000        0.0000000        0.0000000        0.0000000        0.0000000        
115              7                0                0                31               0                0                0                0                0                0.9999874        0.9999993        1.0000000        1.0000000        0.9999960        0.0000000        0.0000000        0.0000000        0.0000000        0.0000000        
597              107              0                0                115              0                0                0                0                0                0.9999277        0.9999886        1.0000000        1.0000000        0.9999845        0.0000000        0.0000000        0.0000000        0.0000000        0.0000000        
2529             809              0                0                340              0                0                0                0                0                0.9996748        0.9999077        1.0000000        1.0000000        0.9999505        0.0000000        0.0000000        0.0000000        0.0000000        0.0000000        
9552             4458             0                0                828              0                0                0                0                0                0.9987196        0.9994619        1.0000000        1.0000000        0.9998677        0.0000000        0.0000000        0.0000000        0.0000000        0.0000000        
29251            19310            0                0                2233             0                0                0                0                0                0.9957945        0.9975309        1.0000000        1.0000000        0.9996444        0.0000000        0.0000000        0.0000000        0.0000000        0.0000000        
77000            63307            0                0                5193             0                0                0                0                0                0.9880945        0.9912002        1.0000000        1.0000000        0.9991251        0.0000000        0.0000000        0.0000000        0.0000000        0.0000000        
173718           165272           0                0                11014            0                0                0                0                0                0.9707227        0.9746730        1.0000000        1.0000000        0.9980237        0.0000000        0.0000000        0.0000000        0.0000000        0.0000000        
333851           351635           0                0                22377            0                0                0                0                0                0.9373376        0.9395095        1.0000000        1.0000000        0.9957860        0.0000000        0.0000000        0.0000000        0.0000000        0.0000000        
558494           617991           0                0                42617            0                0                0                0                0                0.8814882        0.8777104        1.0000000        1.0000000        0.9915243        0.0000000        0.0000000        0.0000000        0.0000000        0.0000000        
814450           913230           2                0                75187            0                0                0                0                0                0.8000432        0.7863874        0.9999998        1.0000000        0.9840056        0.0000000        0.0000000        0.0000000        0.0000000        0.0000000        
1049083          1161840          21               0                123915           0                0                0                0                0                0.6951349        0.6702034        0.9999977        1.0000000        0.9716141        0.0000000        0.0000000        0.0000000        0.0000000        0.0000000        
1202700          1293078          251              0                192929           0                0                0                0                0                0.5748649        0.5408956        0.9999726        1.0000000        0.9523212        0.0000000        0.0000000        0.0000000        0.0000000        0.0000000        
1239476          1275243          2322             0                281281           0                0                0                0                0                0.4509173        0.4133713        0.9997404        1.0000000        0.9241931        0.0000000        0.0000000        0.0000000        0.0000000        0.0000000        
1155434          1137377          14610            4                388030           0                0                0                0                0                0.3353739        0.2996336        0.9982794        0.9999996        0.8853901        0.0000000        0.0000000        0.0000000        0.0000000        0.0000000        
986928           928928           63381            38               503613           0                0                0                0                0                0.2366811        0.2067408        0.9919413        0.9999958        0.8350288        0.0000000        0.0000000        0.0000000        0.0000000        0.0000000        
780203           703773           201771           394              618977           0                0                0                0                0                0.1586608        0.1363635        0.9717642        0.9999564        0.7731311        0.0000000        0.0000000        0.0000000        0.0000000        0.0000000        
570158           500012           480730           2843             718854           0                0                0                0                1                0.1016450        0.0863623        0.9236912        0.9996721        0.7012457        0.0000000        0.0000000        0.0000000        0.0000000        0.0000001        
394451           335907           882742           14847            792875           0                0                0                0                0                0.0621999        0.0527716        0.8354170        0.9981874        0.6219582        0.0000000        0.0000000        0.0000000        0.0000000        0.0000001        
257186           215400           1289712          58797            835166           0                0                0                0                1                0.0364813        0.0312316        0.7064458        0.9923077        0.5384416        0.0000000        0.0000000        0.0000000        0.0000000        0.0000002        
158679           132950           1534000          174642           840339           0                0                0                0                2                0.0206134        0.0179366        0.5530458        0.9748435        0.4544077        0.0000000        0.0000000        0.0000000        0.0000000        0.0000004        
93793            79319            1533152          406163           806698           0                1                0                0                1                0.0112341        0.0100047        0.3997306        0.9342272        0.3737379        0.0000000        0.0000001        0.0000000        0.0000000        0.0000005        
53266            45881            1324440          749067           741603           0                0                0                0                2                0.0059075        0.0054166        0.2672866        0.8593205        0.2995776        0.0000000        0.0000001        0.0000000        0.0000000        0.0000007        
28830            25557            1008032          1119787          654115           0                0                0                0                4                0.0030245        0.0028609        0.1664834        0.7473418        0.2341661        0.0000000        0.0000001        0.0000000        0.0000000        0.0000011        
15215            13710            692198           1392041          557038           0                1                0                0                12               0.0015030        0.0014899        0.0972636        0.6081377        0.1784623        0.0000000        0.0000002        0.0000000        0.0000000        0.0000023        
7724             7353             434800           1470355          457514           0                3                0                0                11               0.0007306        0.0007546        0.0537836        0.4611022        0.1327109        0.0000000        0.0000005        0.0000000        0.0000000        0.0000034        
3869             3764             255005           1353222          363999           0                2                0                0                22               0.0003437        0.0003782        0.0282831        0.3257800        0.0963110        0.0000000        0.0000007        0.0000000        0.0000000        0.0000056        
1807             1953             140397           1103462          280565           0                4                0                0                33               0.0001630        0.0001829        0.0142434        0.2154338        0.0682545        0.0000000        0.0000011        0.0000000        0.0000000        0.0000089        
954              963              73548            813605           209430           0                7                2                0                50               0.0000676        0.0000866        0.0068886        0.1340733        0.0473115        0.0000000        0.0000018        0.0000002        0.0000000        0.0000139        
374              450              36637            550701           152017           0                12               0                1                79               0.0000302        0.0000416        0.0032249        0.0790032        0.0321098        0.0000000        0.0000030        0.0000002        0.0000001        0.0000218        
169              214              17740            346383           107865           0                16               1                0                111              0.0000133        0.0000202        0.0014509        0.0443649        0.0213233        0.0000000        0.0000046        0.0000003        0.0000001        0.0000329        
69               108              8223             204095           74676            0                23               2                0                159              0.0000064        0.0000094        0.0006286        0.0239554        0.0138557        0.0000000        0.0000069        0.0000005        0.0000001        0.0000488        
42               50               3670             115595           50264            0                29               8                1                247              0.0000022        0.0000044        0.0002616        0.0123959        0.0088293        0.0000000        0.0000098        0.0000013        0.0000002        0.0000735        
12               28               1515             61750            33152            0                67               10               0                341              0.0000010        0.0000016        0.0001101        0.0062209        0.0055141        0.0000000        0.0000165        0.0000023        0.0000002        0.0001076        
4                10               654              32114            20989            2                90               17               0                445              0.0000006        0.0000006        0.0000447        0.0030095        0.0034152        0.0000002        0.0000255        0.0000040        0.0000002        0.0001521        
5                4                251              16001            13474            2                150              36               2                724              0.0000001        0.0000002        0.0000196        0.0014094        0.0020678        0.0000004        0.0000405        0.0000076        0.0000004        0.0002245        
1                2                117              7576             8366             3                249              58               4                869              0.0000000        0.0000000        0.0000079        0.0006518        0.0012312        0.0000007        0.0000654        0.0000134        0.0000008        0.0003114        
0                0                50               3668             5110             6                379              85               5                1264             0.0000000        0.0000000        0.0000029        0.0002850        0.0007202        0.0000013        0.0001033        0.0000219        0.0000013        0.0004378        
0                0                12               1607             3001             10               533              159              8                1700             0.0000000        0.0000000        0.0000017        0.0001243        0.0004201        0.0000023        0.0001566        0.0000378        0.0000021        0.0006078        
0                0                12               713              1837             13               731              277              13               2282             0.0000000        0.0000000        0.0000005        0.0000530        0.0002364        0.0000036        0.0002297        0.0000655        0.0000034        0.0008360        
0                0                3                293              997              18               1149             443              28               3104             0.0000000        0.0000000        0.0000002        0.0000237        0.0001367        0.0000054        0.0003446        0.0001098        0.0000062        0.0011464        
0                0                1                144              622              48               1505             658              55               4051             0.0000000        0.0000000        0.0000001        0.0000093        0.0000745        0.0000102        0.0004951        0.0001756        0.0000117        0.0015515        
0                0                1                58               339              62               2177             1098             92               5380             0.0000000        0.0000000        0.0000000        0.0000035        0.0000406        0.0000164        0.0007128        0.0002854        0.0000209        0.0020895        
0                0                0                27               189              90               2970             1815             167              6944             0.0000000        0.0000000        0.0000000        0.0000008        0.0000217        0.0000254        0.0010098        0.0004669        0.0000376        0.0027839        
0                0                0                6                101              200              4060             2500             230              8837             0.0000000        0.0000000        0.0000000        0.0000002        0.0000116        0.0000454        0.0014158        0.0007169        0.0000606        0.0036676        
0                0                0                2                68               255              5371             3724             401              11361            0.0000000        0.0000000        0.0000000        0.0000000        0.0000048        0.0000709        0.0019529        0.0010893        0.0001007        0.0048037        
0                0                0                0                25               379              7104             5509             634              14466            0.0000000        0.0000000        0.0000000        0.0000000        0.0000023        0.0001088        0.0026633        0.0016402        0.0001641        0.0062503        
0                0                0                0                8                571              9492             7803             952              18040            0.0000000        0.0000000        0.0000000        0.0000000        0.0000015        0.0001659        0.0036125        0.0024205        0.0002593        0.0080543        
0                0                0                0                3                846              12233            11105            1473             22316            0.0000000        0.0000000        0.0000000        0.0000000        0.0000012        0.0002505        0.0048358        0.0035310        0.0004066        0.0102859        
0                0                0                0                6                1190             16058            15344            2187             27420            0.0000000        0.0000000        0.0000000        0.0000000        0.0000006        0.0003695        0.0064416        0.0050654        0.0006253        0.0130279        
0                0                0                0                3                1742             20127            20929            3129             33364            0.0000000        0.0000000        0.0000000        0.0000000        0.0000003        0.0005437        0.0084543        0.0071583        0.0009382        0.0163643        
0                0                0                0                2                2481             25506            28097            4444             40204            0.0000000        0.0000000        0.0000000        0.0000000        0.0000001        0.0007918        0.0110049        0.0099680        0.0013826        0.0203847        
0                0                0                0                0                3306             31508            36837            6255             47934            0.0000000        0.0000000        0.0000000        0.0000000        0.0000001        0.0011224        0.0141557        0.0136517        0.0020081        0.0251781        
0                0                0                0                0                4720             38729            47725            8700             56738            0.0000000        0.0000000        0.0000000        0.0000000        0.0000001        0.0015944        0.0180286        0.0184242        0.0028781        0.0308519        
0                0                0                0                1                6330             47357            61305            12162            66766            0.0000000        0.0000000        0.0000000        0.0000000        0.0000000        0.0022274        0.0227643        0.0245547        0.0040943        0.0375285        
0                0                0                0                0                8687             57159            76542            16504            77900            0.0000000        0.0000000        0.0000000        0.0000000        0.0000000        0.0030961        0.0284802        0.0322089        0.0057447        0.0453185        
0                0                0                0                0                11100            68730            94966            21997            89734            0.0000000        0.0000000        0.0000000        0.0000000        0.0000000        0.0042061        0.0353532        0.0417055        0.0079444        0.0542919        
0                0                0                0                0                14669            81009            115323           29216            102941           0.0000000        0.0000000        0.0000000        0.0000000        0.0000000        0.0056730        0.0434541        0.0532378        0.0108660        0.0645860        
0                0                0                0                0                19035            95263            138425           37785            117546           0.0000000        0.0000000        0.0000000        0.0000000        0.0000000        0.0075765        0.0529804        0.0670803        0.0146445        0.0763406        
0                0                0                0                0                24254            109457           164873           47613            131760           0.0000000        0.0000000        0.0000000        0.0000000        0.0000000        0.0100019        0.0639261        0.0835676        0.0194058        0.0895166        
0                0                0                0                0                30335            126649           192535           60137            149060           0.0000000        0.0000000        0.0000000        0.0000000        0.0000000        0.0130354        0.0765910        0.1028211        0.0254195        0.1044226        
0                0                0                0                0                37971            144361           222095           74839            164634           0.0000000        0.0000000        0.0000000        0.0000000        0.0000000        0.0168325        0.0910271        0.1250306        0.0329034        0.1208860        
0                0                0                0                0                47090            162999           251362           91411            180567           0.0000000        0.0000000        0.0000000        0.0000000        0.0000000        0.0215415        0.1073270        0.1501668        0.0420445        0.1389427        
0                0                0                0                0                57702            182145           283128           110150           198429           0.0000000        0.0000000        0.0000000        0.0000000        0.0000000        0.0273117        0.1255415        0.1784796        0.0530595        0.1587856        
0                0                0                0                0                68753            201707           311994           130961           215061           0.0000000        0.0000000        0.0000000        0.0000000        0.0000000        0.0341870        0.1457122        0.2096790        0.0661556        0.1802917        
0                0                0                0                0                82968            222424           340158           154826           232173           0.0000000        0.0000000        0.0000000        0.0000000        0.0000000        0.0424838        0.1679546        0.2436948        0.0816382        0.2035090        
0                0                0                0                0                97687            241619           366331           178874           248218           0.0000000        0.0000000        0.0000000        0.0000000        0.0000000        0.0522525        0.1921165        0.2803279        0.0995256        0.2283308        
0                0                0                0                0                113807           260855           388634           205079           263464           0.0000000        0.0000000        0.0000000        0.0000000        0.0000000        0.0636332        0.2182020        0.3191913        0.1200335        0.2546772        
0                0                0                0                0                131418           278525           406982           233698           276966           0.0000000        0.0000000        0.0000000        0.0000000        0.0000000        0.0767750        0.2460545        0.3598895        0.1434033        0.2823738        
0                0                0                0                0                151932           295896           423666           260073           290325           0.0000000        0.0000000        0.0000000        0.0000000        0.0000000        0.0919682        0.2756441        0.4022561        0.1694106        0.3114063        
0                0                0                0                0                171714           311240           433319           286030           302081           0.0000000        0.0000000        0.0000000        0.0000000        0.0000000        0.1091396        0.3067681        0.4455880        0.1980136        0.3416144        
0                0                0                0                0                192428           325847           438666           312737           311709           0.0000000        0.0000000        0.0000000        0.0000000        0.0000000        0.1283824        0.3393528        0.4894546        0.2292873        0.3727853        
0                0                0                0                0                214613           336294           437352           339090           318613           0.0000000        0.0000000        0.0000000        0.0000000        0.0000000        0.1498437        0.3729822        0.5331898        0.2631963        0.4046466        
0                0                0                0                0                235850           345174           432886           360331           324885           0.0000000        0.0000000        0.0000000        0.0000000        0.0000000        0.1734287        0.4074996        0.5764784        0.2992294        0.4371351        
0                0                0                0                0                257566           351631           422349           379646           327738           0.0000000        0.0000000        0.0000000        0.0000000        0.0000000        0.1991853        0.4426627        0.6187133        0.3371940        0.4699089        
0                0                0                0                0                278859           354689           406127           394541           327887           0.0000000        0.0000000        0.0000000        0.0000000        0.0000000        0.2270712        0.4781316        0.6593260        0.3766481        0.5026976        
0                0                0                0                0                298093           355414           387167           407736           327923           0.0000000        0.0000000        0.0000000        0.0000000        0.0000000        0.2568805        0.5136730        0.6980427        0.4174217        0.5354899        
0                0                0                0                0                315331           353543           365514           414835           323992           0.0000000        0.0000000        0.0000000        0.0000000        0.0000000        0.2884136        0.5490273        0.7345941        0.4589052        0.5678891        
0                0                0                0                0                331435           347683           340754           418528           318954           0.0000000        0.0000000        0.0000000        0.0000000        0.0000000        0.3215571        0.5837956        0.7686695        0.5007580        0.5997845        
0                0                0                0                0                345705           341177           314429           417035           310560           0.0000000        0.0000000        0.0000000        0.0000000        0.0000000        0.3561276        0.6179133        0.8001124        0.5424615        0.6308405        
0                0                0                0                0                357584           331265           285299           409589           302556           0.0000000        0.0000000        0.0000000        0.0000000        0.0000000        0.3918860        0.6510398        0.8286423        0.5834204        0.6610961        
0                0                0                0                0                364170           320174           257321           399802           291604           0.0000000        0.0000000        0.0000000        0.0000000        0.0000000        0.4283030        0.6830572        0.8543744        0.6234006        0.6902565        
0                0                0                0                0                368619           306092           230088           385750           278429           0.0000000        0.0000000        0.0000000        0.0000000        0.0000000        0.4651649        0.7136664        0.8773832        0.6619756        0.7180994        
0                0                0                0                0                371593           289733           201829           368112           265939           0.0000000        0.0000000        0.0000000        0.0000000        0.0000000        0.5023242        0.7426397        0.8975661        0.6987868        0.7446933        
0                0                0                0                0                370363           272060           177188           347919           251831           0.0000000        0.0000000        0.0000000        0.0000000        0.0000000        0.5393605        0.7698457        0.9152849        0.7335787        0.7698764        
0                0                0                0                0                365198           255152           151451           325589           236427           0.0000000        0.0000000        0.0000000        0.0000000        0.0000000        0.5758803        0.7953609        0.9304300        0.7661376        0.7935191        
0                0                0                0                0                357678           236930           129372           301223           220928           0.0000000        0.0000000        0.0000000        0.0000000        0.0000000        0.6116481        0.8190539        0.9433672        0.7962599        0.8156119        
0                0                0                0                0                346845           218772           110371           276263           205346           0.0000000        0.0000000        0.0000000        0.0000000        0.0000000        0.6463326        0.8409311        0.9544043        0.8238862        0.8361465        
0                0                0                0                0                335516           200739           91786            250940           188957           0.0000000        0.0000000        0.0000000        0.0000000        0.0000000        0.6798842        0.8610050        0.9635829        0.8489802        0.8550422        
0                0                0                0                0                320133           181330           75674            224376           173577           0.0000000        0.0000000        0.0000000        0.0000000        0.0000000        0.7118975        0.8791380        0.9711503        0.8714178        0.8723999        
0                0                0                0                0                303139           163577           61860            200552           157230           0.0000000        0.0000000        0.0000000        0.0000000        0.0000000        0.7422114        0.8954957        0.9773363        0.8914730        0.8881229        
0                0                0                0                0                284760           146362           50464            175858           143879           0.0000000        0.0000000        0.0000000        0.0000000        0.0000000        0.7706874        0.9101319        0.9823827        0.9090588        0.9025108        
0                0                0                0                0                265896           131187           40324            153731           129009           0.0000000        0.0000000        0.0000000        0.0000000        0.0000000        0.7972770        0.9232506        0.9864151        0.9244319        0.9154117        
0                0                0                0                0                245567           115609           31925            132782           115397           0.0000000        0.0000000        0.0000000        0.0000000        0.0000000        0.8218337        0.9348115        0.9896076        0.9377101        0.9269514        
0                0                0                0                0                225070           101365           25190            113292           102835           0.0000000        0.0000000        0.0000000        0.0000000        0.0000000        0.8443407        0.9449480        0.9921266        0.9490393        0.9372349        
0                0                0                0                0                204940           88408            19593            96512            91264            0.0000000        0.0000000        0.0000000        0.0000000        0.0000000        0.8648347        0.9537888        0.9940859        0.9586905        0.9463613        
0                0                0                0                0                186375           76249            15171            80190            80036            0.0000000        0.0000000        0.0000000        0.0000000        0.0000000        0.8834722        0.9614137        0.9956030        0.9667095        0.9543649        
0                0                0                0                0                166288           65538            11612            67252            70132            0.0000000        0.0000000        0.0000000        0.0000000        0.0000000        0.9001010        0.9679675        0.9967642        0.9734347        0.9613781        
0                0                0                0                0                147802           56110            8646             55363            60527            0.0000000        0.0000000        0.0000000        0.0000000        0.0000000        0.9148812        0.9735785        0.9976288        0.9789710        0.9674308        
0                0                0                0                0                130796           47691            6544             45205            52642            0.0000000        0.0000000        0.0000000        0.0000000        0.0000000        0.9279608        0.9783476        0.9982832        0.9834915        0.9726950        
0                0                0                0                0                113985           39952            4805             36115            45437            0.0000000        0.0000000        0.0000000        0.0000000        0.0000000        0.9393593        0.9823428        0.9987637        0.9871030        0.9772387        
0                0                0                0                0                99132            33443            3610             29611            38622            0.0000000        0.0000000        0.0000000        0.0000000        0.0000000        0.9492725        0.9856871        0.9991247        0.9900641        0.9811009        
0                0                0                0                0                85882            27614            2633             23112            32926            0.0000000        0.0000000        0.0000000        0.0000000        0.0000000        0.9578607        0.9884485        0.9993880        0.9923753        0.9843935        
0                0                0                0                0                73203            23203            1924             18321            27756            0.0000000        0.0000000        0.0000000        0.0000000        0.0000000        0.9651810        0.9907688        0.9995804        0.9942074        0.9871691        
0                0                0                0                0                62212            18756            1281             13985            23440            0.0000000        0.0000000        0.0000000        0.0000000        0.0000000        0.9714022        0.9926444        0.9997085        0.9956059        0.9895131        
0                0                0                0                0                52519            15289            964              11191            19480            0.0000000        0.0000000        0.0000000        0.0000000        0.0000000        0.9766541        0.9941733        0.9998049        0.9967250        0.9914611        
0                0                0                0                0                44088            12254            657              8489             16296            0.0000000        0.0000000        0.0000000        0.0000000        0.0000000        0.9810629        0.9953987        0.9998706        0.9975739        0.9930907        
0                0                0                0                0                37069            9948             414              6464             13495            0.0000000        0.0000000        0.0000000        0.0000000        0.0000000        0.9847698        0.9963935        0.9999120        0.9982203        0.9944402        
0                0                0                0                0                30167            8134             277              4770             11042            0.0000000        0.0000000        0.0000000        0.0000000        0.0000000        0.9877865        0.9972069        0.9999397        0.9986973        0.9955444        
0                0                0                0                0                25110            6267             225              3657             9018             0.0000000        0.0000000        0.0000000        0.0000000        0.0000000        0.9902975        0.9978336        0.9999622        0.9990630        0.9964462        
0                0                0                0                0                20564            5055             151              2690             7460             0.0000000        0.0000000        0.0000000        0.0000000        0.0000000        0.9923539        0.9983391        0.9999773        0.9993320        0.9971922        
0                0                0                0                0                16275            3838             70               1945             5973             0.0000000        0.0000000        0.0000000        0.0000000        0.0000000        0.9939814        0.9987229        0.9999843        0.9995265        0.9977895        
0                0                0                0                0                13324            3127             56               1367             4825             0.0000000        0.0000000        0.0000000        0.0000000        0.0000000        0.9953138        0.9990356        0.9999899        0.9996632        0.9982720        
0                0                0                0                0                10557            2492             44               1032             3723             0.0000000        0.0000000        0.0000000        0.0000000        0.0000000        0.9963695        0.9992848        0.9999943        0.9997664        0.9986443        
0                0                0                0                0                8317             1736             20               714              3012             0.0000000        0.0000000        0.0000000        0.0000000        0.0000000        0.9972012        0.9994584        0.9999963        0.9998378        0.9989455        
0                0                0                0                0                6526             1373             13               482              2368             0.0000000        0.0000000        0.0000000        0.0000000        0.0000000        0.9978538        0.9995957        0.9999976        0.9998860        0.9991823        
0                0                0                0                0                5225             1076             7                356              1866             0.0000000        0.0000000        0.0000000        0.0000000        0.0000000        0.9983763        0.9997033        0.9999983        0.9999216        0.9993689        
0                0                0                0                0                3974             732              7                234              1428             0.0000000        0.0000000        0.0000000        0.0000000        0.0000000        0.9987737        0.9997765        0.9999990        0.9999450        0.9995117        
0                0                0                0                0                3065             583              5                167              1165             0.0000000        0.0000000        0.0000000        0.0000000        0.0000000        0.9990802        0.9998348        0.9999995        0.9999617        0.9996282        
0                0                0                0                0                2374             439              2                120              928              0.0000000        0.0000000        0.0000000        0.0000000        0.0000000        0.9993176        0.9998787        0.9999997        0.9999737        0.9997210        
0                0                0                0                0                1743             314              1                85               695              0.0000000        0.0000000        0.0000000        0.0000000        0.0000000        0.9994919        0.9999101        0.9999998        0.9999822        0.9997905        
0                0                0                0                0                1340             237              1                49               499              0.0000000        0.0000000        0.0000000        0.0000000        0.0000000        0.9996259        0.9999338        0.9999999        0.9999871        0.9998404        
0                0                0                0                0                995              180              0                50               404              0.0000000        0.0000000        0.0000000        0.0000000        0.0000000        0.9997254        0.9999518        0.9999999        0.9999921        0.9998808        
0                0                0                0                0                755              151              0                30               298              0.0000000        0.0000000        0.0000000        0.0000000        0.0000000        0.9998009        0.9999669        0.9999999        0.9999951        0.9999106        
0                0                0                0                0                521              95               1                20               244              0.0000000        0.0000000        0.0000000        0.0000000        0.0000000        0.9998530        0.9999764        1.0000000        0.9999971        0.9999350        
0                0                0                0                0                431              67               0                11               185              0.0000000        0.0000000        0.0000000        0.0000000        0.0000000        0.9998961        0.9999831        1.0000000        0.9999982        0.9999535        
0                0                0                0                0                301              44               0                6                122              0.0000000        0.0000000        0.0000000        0.0000000        0.0000000        0.9999262        0.9999875        1.0000000        0.9999988        0.9999657        
0                0                0                0                0                225              36               0                5                92               0.0000000        0.0000000        0.0000000        0.0000000        0.0000000        0.9999487        0.9999911        1.0000000        0.9999993        0.9999749        
0                0                0                0                0                138              23               0                6                66               0.0000000        0.0000000        0.0000000        0.0000000        0.0000000        0.9999625        0.9999934        1.0000000        0.9999999        0.9999815        
0                0                0                0                0                121              19               0                0                53               0.0000000        0.0000000        0.0000000        0.0000000        0.0000000        0.9999746        0.9999953        1.0000000        0.9999999        0.9999868        
0                0                0                0                0                91               18               0                0                36               0.0000000        0.0000000        0.0000000        0.0000000        0.0000000        0.9999837        0.9999971        1.0000000        0.9999999        0.9999904        
0                0                0                0                0                48               15               0                0                28               0.0000000        0.0000000        0.0000000        0.0000000        0.0000000        0.9999885        0.9999986        1.0000000        0.9999999        0.9999932        
0                0                0                0                0                46               2                0                1                18               0.0000000        0.0000000        0.0000000        0.0000000        0.0000000        0.9999931        0.9999988        1.0000000        1.0000000        0.9999950        
0                0                0                0                0                28               3                0                0                10               0.0000000        0.0000000        0.0000000        0.0000000        0.0000000        0.9999959        0.9999991        1.0000000        1.0000000        0.9999960        
0                0                0                0                0                17               2                0                0                7                0.0000000        0.0000000        0.0000000        0.0000000        0.0000000        0.9999976        0.9999993        1.0000000        1.0000000        0.9999967        
0                0                0                0                0                7                4                0                0                8                0.0000000        0.0000000        0.0000000        0.0000000        0.0000000        0.9999983        0.9999997        1.0000000        1.0000000        0.9999975        
0                0                0                0                0                5                1                0                0                8                0.0000000        0.0000000        0.0000000        0.0000000        0.0000000        0.9999988        0.9999998        1.0000000        1.0000000        0.9999983        
0                0                0                0                0                3                0                0                0                6                0.0000000        0.0000000        0.0000000        0.0000000        0.0000000        0.9999991        0.9999998        1.0000000        1.0000000        0.9999989        
0                0                0                0                0                5                1                0                0                4                0.0000000        0.0000000        0.0000000        0.0000000        0.0000000        0.9999996        0.9999999        1.0000000        1.0000000        0.9999993        
0                0                0                0                0                0                1                0                0                1                0.0000000        0.0000000        0.0000000        0.0000000        0.0000000        0.9999996        1.0000000        1.0000000        1.0000000        0.9999994        
0                0                0                0                0                3                0                0                0                2                0.0000000        0.0000000        0.0000000        0.0000000        0.0000000        0.9999999        1.0000000        1.0000000        1.0000000        0.9999996        
0                0                0                0                0                1                0                0                0                4                0.0000000        0.0000000        0.0000000        0.0000000        0.0000000        1.0000000        1.0000000        1.0000000        1.0000000        1.0000000        
0                0                0                0                0                0                0                0                0                0                0.0000000        0.0000000        0.0000000        0.0000000        0.0000000        1.0000000        1.0000000        1.0000000        1.0000000        1.0000000        
