x,0,pi_2,pi,2pi
1,34,34,34,34
2,32,32,32,32
3,32,32,32,32
4,32,32,32,32
5,36,36,36,36
6,41,41,41,41
7,42,42,42,42
8,40,40,40,40
9,44,44,44,44
10,42,42,42,42
11,38,38,38,38
12,36,36,36,36
13,33,33,33,33
14,31,31,31,31
15,37,37,37,37
16,33,33,33,33
17,32,32,32,32
18,34,34,34,34
19,36,36,36,36
20,41,41,41,41
21,39,39,39,39
22,37,37,37,37
23,35,35,35,35
24,37,37,37,37
25,40,40,40,40
26,42,42,42,42
27,38,38,38,38
28,40,40,40,40
29,42,42,42,42
30,43,43,43,43
31,43,43,43,43
32,41,41,41,41
33,42,42,42,42
34,41,41,41,41
35,41,41,41,41
36,42,42,42,42
37,40,40,40,40
38,38,38,38,38
39,33,33,33,33
40,35,35,35,35
41,38,38,38,38
42,39,39,39,39
43,36,36,36,36
44,37,37,37,37
45,33,33,33,33
46,31,31,31,31
47,31,31,31,31
48,33,33,33,33
49,29,29,29,29
50,32,32,32,32
51,29,29,29,29
52,32,32,32,32
53,32,32,32,32
54,34,34,34,34
55,38,38,38,38
56,38,38,38,38
57,35,35,35,35
58,38,38,38,38
59,34,34,34,34
60,32,32,32,32
61,34,34,34,34
62,32,32,32,32
63,32,32,32,32
64,34,34,34,34
65,36,36,36,36
66,33,33,33,33
67,34,34,34,34
68,33,33,33,33
69,36,36,36,36
70,40,40,40,40
71,40,40,40,40
72,38,38,38,38
73,41,41,41,41
74,38,38,38,38
75,33,33,33,33
76,32,32,32,32
77,29,29,29,29
78,26,26,26,26
79,31,31,31,31
80,28,28,28,28
81,27,27,27,27
82,30,30,30,30
83,31,31,31,31
84,37,37,37,37
85,35,35,35,35
86,34,34,34,34
87,31,31,31,31
88,32,32,32,32
89,34,34,34,34
90,35,35,35,35
91,34,34,34,34
92,36,36,36,36
93,36,36,36,36
94,37,37,37,37
95,38,38,38,38
96,36,36,36,36
97,37,37,37,37
98,37,37,37,37
99,37,37,37,37
100,37,37,37,37
101,33,33,33,33
102,33,33,33,33
103,28,28,28,28
104,30,30,30,30
105,33,33,33,33
106,33,33,33,33
107,32,32,32,32
108,32,32,32,32
109,29,29,29,29
110,29,29,29,29
111,27,27,27,27
112,28,28,28,28
113,25,25,25,25
114,29,29,29,29
115,27,27,27,27
116,30,30,30,30
117,30,30,30,30
118,32,32,32,32
119,35,35,35,35
120,36,36,36,36
121,34,34,34,34
122,38,38,38,38
123,34,34,34,34
124,32,32,32,32
125,33,33,33,33
126,32,32,32,32
127,31,31,31,31
128,34,34,34,34
129,37,37,37,37
130,35,35,35,35
131,32,32,32,33
132,33,33,33,33
133,35,35,35,35
134,38,38,38,38
135,37,37,37,37
136,36,36,36,36
137,41,40,40,40
138,39,39,39,38
139,35,35,35,35
140,34,34,33,33
141,30,30,30,30
142,27,27,27,27
143,33,32,32,31
144,30,30,29,29
145,26,26,26,25
146,29,28,28,28
147,31,31,31,31
148,35,35,35,35
149,35,34,34,34
150,36,36,36,36
151,34,34,34,34
152,36,35,35,35
153,38,37,37,37
154,39,38,38,38
155,38,37,37,37
156,38,38,37,37
157,39,39,39,38
158,39,38,38,39
159,38,38,38,39
160,34,34,34,35
161,37,36,36,36
162,38,38,37,37
163,37,37,37,36
164,37,37,36,36
165,33,32,32,33
166,35,35,35,35
167,29,29,29,30
168,29,29,29,29
169,32,32,32,32
170,32,32,32,32
171,30,30,30,31
172,33,33,33,32
173,30,30,30,29
174,32,32,32,32
175,31,30,29,29
176,32,32,31,30
177,31,30,29,29
178,34,32,31,31
179,31,29,29,29
180,35,32,32,32
181,37,34,33,32
182,40,37,37,36
183,43,41,38,37
184,47,45,39,39
185,45,42,36,36
186,47,45,39,39
187,43,40,33,33
188,41,37,30,30
189,43,39,31,32
190,41,37,29,30
191,40,35,28,29
192,43,38,30,32
193,46,41,33,35
194,45,42,34,35
195,42,40,32,34
196,42,39,32,33
197,43,41,34,36
198,45,42,35,38
199,43,40,35,38
200,41,36,31,33
201,45,39,37,39
202,41,35,34,35
203,39,33,30,30
204,37,31,30,28
205,35,29,27,23
206,33,27,26,21
207,37,33,31,27
208,37,32,29,27
209,32,28,25,23
210,35,30,30,27
211,36,31,31,28
212,39,34,33,33
213,40,34,33,32
214,40,36,37,34
215,37,34,35,33
216,37,35,37,33
217,37,36,38,35
218,37,35,36,33
219,38,36,36,35
220,38,37,36,36
221,38,39,38,37
222,37,38,37,38
223,37,37,36,38
224,33,32,33,34
225,36,35,34,34
226,38,38,36,37
227,37,37,36,36
228,38,38,37,38
229,34,33,33,34
230,36,36,36,37
231,30,31,31,31
232,31,31,32,31
233,32,32,33,32
234,34,33,35,32
235,32,32,34,31
236,34,34,37,33
237,34,33,36,32
238,34,33,38,33
239,36,33,36,33
240,37,33,37,34
241,36,32,37,33
242,37,33,36,33
243,35,30,34,32
244,37,32,36,34
245,38,33,36,33
246,41,36,39,37
247,44,40,41,39
248,48,43,42,41
249,49,42,41,41
250,51,46,44,43
251,49,43,40,40
252,47,41,37,37
253,50,44,38,39
254,47,41,34,35
255,47,40,34,35
256,50,41,35,37
257,52,45,39,41
258,52,47,39,40
259,50,46,39,41
260,50,46,39,40
261,51,48,43,44
262,49,45,40,42
263,49,47,42,45
264,46,42,38,40
265,50,43,42,43
266,47,39,39,40
267,46,38,38,37
268,44,34,36,33
269,41,33,33,28
270,39,31,32,26
271,39,34,34,30
272,40,33,32,31
273,36,30,30,28
274,39,31,35,32
275,40,32,36,32
276,41,34,35,32
277,41,33,33,31
278,39,34,36,32
279,38,34,35,33
280,36,35,35,32
281,36,36,35,32
282,37,36,35,32
283,38,38,36,33
284,38,39,36,34
285,40,42,38,35
286,38,42,38,35
287,41,44,38,35
288,36,40,37,33
289,41,45,38,36
290,43,48,39,38
291,44,49,39,37
292,44,50,42,40
293,40,44,39,37
294,43,47,42,39
295,39,45,36,34
296,38,44,36,33
297,38,45,38,36
298,38,45,37,33
299,37,44,36,32
300,39,44,37,32
301,40,45,38,32
302,43,46,41,35
303,45,45,40,34
304,45,44,39,34
305,45,42,38,33
306,44,42,39,34
307,45,39,38,35
308,46,40,38,37
309,47,41,38,35
310,50,44,42,40
311,55,49,44,42
312,60,52,46,45
313,61,50,46,45
314,62,53,47,47
315,61,52,43,45
316,59,51,39,43
317,61,53,40,43
318,59,51,35,39
319,58,50,34,38
320,63,50,36,40
321,64,53,41,45
322,64,56,40,45
323,60,54,39,45
324,58,53,38,43
325,59,52,40,45
326,57,53,39,45
327,56,51,39,45
328,53,46,34,38
329,54,46,38,40
330,52,43,36,37
331,52,41,34,35
332,50,38,34,32
333,49,37,32,28
334,45,34,31,25
335,44,37,33,28
336,47,36,33,31
337,42,31,32,28
338,46,32,37,33
339,46,34,38,33
340,46,37,37,32
341,46,36,35,32
342,45,37,38,34
343,44,36,36,36
344,41,36,35,33
345,42,37,35,33
346,41,37,34,33
347,42,40,37,35
348,41,42,38,39
349,43,46,41,40
350,42,45,41,41
351,43,47,40,39
352,39,45,41,36
353,42,48,40,36
354,44,51,40,37
355,44,50,42,40
356,43,49,43,41
357,42,46,41,38
358,43,48,42,39
359,41,47,37,35
360,41,46,38,33
361,42,46,41,35
362,41,46,39,33
363,41,48,35,34
364,44,49,37,33
365,45,51,40,35
366,45,49,40,36
367,46,49,42,36
368,47,49,41,36
369,47,48,40,34
370,45,46,40,35
371,46,43,40,38
372,45,42,40,38
373,48,45,40,38
374,53,49,43,44
375,61,56,47,49
376,65,58,49,51
377,66,57,50,51
378,66,59,50,52
379,66,59,46,51
380,64,59,44,49
381,66,61,45,49
382,66,60,41,46
383,66,60,40,44
384,71,60,42,46
385,72,63,48,52
386,72,65,46,52
387,66,62,44,50
388,63,61,44,47
389,63,60,46,49
390,61,60,44,48
391,59,57,44,46
392,55,52,40,40
393,56,52,44,43
394,53,49,42,39
395,52,46,40,36
396,51,43,38,34
397,50,41,35,30
398,46,36,33,27
399,43,38,34,28
400,48,37,35,33
401,44,33,35,31
402,48,34,40,35
403,47,35,39,35
404,48,39,39,34
405,49,39,38,35
406,47,40,42,38
407,46,38,40,39
408,43,38,39,38
409,45,40,39,37
410,43,40,38,37
411,44,42,40,38
412,46,47,43,44
413,49,52,46,45
414,46,49,45,42
415,48,52,43,39
416,46,51,45,37
417,48,53,45,39
418,48,55,44,39
419,48,55,45,42
420,47,53,46,43
421,49,52,46,41
422,52,54,47,42
423,50,54,44,40
424,50,51,44,38
425,50,51,46,40
426,49,51,44,38
427,49,55,42,41
428,49,53,42,37
429,52,55,45,37
430,51,52,43,38
431,52,53,46,38
432,52,51,44,37
433,53,50,44,35
434,52,48,43,35
435,54,47,44,40
436,54,47,42,39
437,56,48,41,38
438,58,50,45,42
439,66,58,48,47
440,72,62,51,50
441,74,61,51,51
442,76,64,51,51
443,76,65,49,51
444,76,67,48,50
445,78,69,48,50
446,78,68,44,47
447,79,68,43,45
448,84,68,44,47
449,82,69,49,52
450,80,71,48,51
451,75,67,46,50
452,69,65,46,48
453,68,62,45,47
454,66,63,44,46
455,63,60,44,45
456,60,56,42,40
457,59,54,45,43
458,56,52,45,39
459,56,47,42,37
460,51,44,40,33
461,51,43,37,29
462,47,39,35,27
463,45,40,35,28
464,49,39,38,33
465,47,37,37,31
466,51,39,42,36
467,49,39,41,35
468,50,44,40,35
469,50,43,39,35
470,48,44,42,38
471,45,41,39,38
472,43,42,39,37
473,45,42,39,36
474,43,40,38,35
475,45,44,40,36
476,46,48,43,41
477,50,52,47,42
478,47,48,47,41
479,51,50,45,38
480,47,48,47,36
481,50,51,46,39
482,53,56,48,39
483,52,54,49,42
484,52,54,51,45
485,56,53,50,42
486,57,52,49,44
487,58,56,50,42
488,58,52,47,39
489,57,50,49,39
490,58,51,47,38
491,59,55,45,43
492,61,56,47,40
493,64,59,49,39
494,64,56,47,39
495,64,56,51,40
496,65,54,48,39
497,65,53,48,38
498,61,49,46,36
499,63,49,46,40
500,65,52,44,41
501,66,52,41,39
502,69,53,45,44
503,76,60,48,48
504,82,63,51,50
505,87,66,52,54
506,88,67,51,53
507,87,67,49,53
508,91,70,52,53
509,91,69,49,49
510,93,69,47,47
511,94,68,46,45
512,100,69,49,48
513,97,71,53,54
514,93,71,52,51
515,88,68,50,50
516,82,66,51,48
517,77,61,47,46
518,73,61,45,44
519,70,58,44,41
520,65,54,42,36
521,65,50,46,39
522,64,51,49,38
523,64,49,48,37
524,59,46,46,34
525,60,46,44,31
526,57,43,42,30
527,52,43,40,29
528,56,42,42,34
529,54,42,43,35
530,59,42,50,37
531,56,42,48,35
532,57,45,48,36
533,57,45,48,37
534,53,43,49,38
535,53,42,47,40
536,50,41,45,39
537,50,43,45,39
538,50,42,45,38
539,51,43,46,39
540,51,49,48,43
541,53,52,52,45
542,52,50,53,44
543,54,52,50,41
544,53,50,55,42
545,54,53,54,44
546,57,57,53,42
547,57,56,54,46
548,54,55,55,48
549,59,55,55,46
550,60,55,53,48
551,64,59,54,46
552,63,56,50,42
553,62,54,50,41
554,62,55,47,40
555,63,59,45,45
556,67,60,47,43
557,69,63,49,42
558,68,61,46,40
559,70,61,50,43
560,70,60,48,41
561,72,60,49,39
562,69,55,46,36
563,70,55,45,41
564,71,58,43,41
565,74,60,39,39
566,77,63,43,45
567,85,69,45,46
568,91,72,47,47
569,95,73,48,50
570,96,74,48,49
571,96,73,46,48
572,100,76,48,48
573,103,79,48,47
574,106,80,46,45
575,108,81,46,43
576,112,81,47,46
577,110,81,52,50
578,107,84,50,48
579,101,80,48,48
580,95,79,50,46
581,89,76,47,45
582,87,76,46,42
583,85,75,46,41
584,80,72,43,37
585,77,67,47,40
586,76,66,49,39
587,77,64,49,39
588,72,61,46,36
589,73,62,46,32
590,70,60,45,31
591,64,59,43,31
592,68,57,44,36
593,66,56,45,36
594,71,57,51,38
595,67,56,51,36
596,67,59,50,36
597,66,57,50,37
598,61,53,52,36
599,61,53,49,38
600,59,54,44,39
601,59,56,44,41
602,58,55,45,39
603,55,54,46,39
604,53,59,45,44
605,58,63,51,48
606,57,60,49,46
607,58,62,50,41
608,57,60,55,43
609,57,61,54,44
610,60,65,52,42
611,61,63,55,46
612,59,62,56,48
613,64,63,56,47
614,66,61,54,48
615,66,62,54,49
616,66,59,50,44
617,66,56,50,43
618,65,58,48,41
619,68,63,46,46
620,72,64,48,44
621,75,67,50,43
622,74,66,48,41
623,76,66,53,43
624,77,66,52,42
625,78,65,52,41
626,76,61,50,39
627,77,61,49,44
628,80,65,46,43
629,84,67,40,41
630,88,70,45,46
631,95,75,45,49
632,103,78,47,48
633,106,80,49,50
634,105,79,48,49
635,106,80,48,48
636,111,83,50,51
637,115,86,49,49
638,119,88,48,49
639,120,87,48,46
640,124,87,47,49
641,120,88,52,52
642,117,90,51,49
643,112,87,49,50
644,106,85,52,48
645,100,83,51,48
646,98,83,50,46
647,97,82,51,45
648,91,79,49,41
649,87,71,50,43
650,85,70,53,43
651,86,68,54,43
652,80,64,51,43
653,81,65,52,40
654,76,62,50,38
655,70,61,48,38
656,73,59,49,43
657,71,58,50,43
658,74,57,54,44
659,67,56,53,41
660,67,58,51,41
661,67,57,53,43
662,58,52,52,41
663,57,50,49,41
664,54,49,43,41
665,55,54,45,43
666,54,53,46,41
667,52,53,47,42
668,49,56,45,46
669,54,60,51,50
670,55,60,50,48
671,56,62,52,44
672,56,60,57,46
673,56,62,55,47
674,58,65,53,46
675,56,60,53,48
676,58,62,58,52
677,63,64,58,50
678,63,59,52,48
679,65,62,54,49
680,65,58,50,46
681,65,55,50,44
682,66,59,49,43
683,70,65,48,48
684,72,64,48,45
685,72,63,47,41
686,72,63,45,39
687,74,65,53,44
688,74,64,51,42
689,76,63,52,40
690,75,61,52,41
691,76,62,50,44
692,77,65,46,42
693,79,65,40,41
694,82,67,42,43
695,87,69,42,45
696,92,69,43,45
697,96,72,47,48
698,95,72,46,48
699,96,73,48,49
700,100,76,50,50
701,103,79,50,49
702,110,84,52,51
703,109,81,49,47
704,113,82,49,49
705,110,82,55,53
706,108,84,53,50
707,104,81,51,51
708,99,81,55,51
709,94,78,53,48
710,90,77,51,45
711,89,77,51,42
712,85,78,53,42
713,83,71,52,43
714,81,71,55,45
715,81,69,57,47
716,76,65,53,47
717,75,65,53,45
718,69,61,50,42
719,66,61,50,43
720,69,60,52,47
721,67,58,52,47
722,70,58,55,47
723,63,57,55,45
724,64,59,54,44
725,63,58,55,46
726,56,54,53,44
727,56,51,49,44
728,54,51,42,43
729,55,54,43,44
730,55,55,47,46
731,53,55,49,45
732,49,57,46,48
733,54,59,50,50
734,54,58,49,47
735,54,59,49,42
736,55,59,55,45
737,53,59,53,46
738,59,65,54,47
739,57,60,54,48
740,58,61,59,51
741,63,63,57,49
742,61,57,49,45
743,62,59,52,46
744,62,56,47,43
745,63,54,47,41
746,62,56,45,41
747,66,61,42,46
748,69,61,42,43
749,66,59,39,36
750,67,60,37,35
751,68,61,45,39
752,70,62,45,38
753,70,60,43,35
754,71,60,46,38
755,71,60,43,39
756,73,64,40,39
757,75,62,33,37
758,78,65,36,40
759,83,67,36,41
760,87,67,37,39
761,90,70,40,41
762,91,70,42,43
763,90,71,42,42
764,93,71,43,42
765,96,73,42,41
766,103,78,45,45
767,102,76,42,40
768,104,76,42,42
769,104,77,48,46
770,99,76,45,43
771,95,74,43,43
772,92,75,48,44
773,86,72,44,40
774,83,72,44,38
775,83,70,44,35
776,79,70,45,35
777,75,65,44,36
778,74,66,49,38
779,73,64,49,40
780,68,62,47,42
781,68,60,46,39
782,64,57,45,38
783,64,59,47,40
784,64,56,46,41
785,61,54,45,41
786,64,55,48,41
787,57,54,47,39
788,60,57,50,42
789,59,56,52,44
790,53,51,50,42
791,53,49,46,40
792,52,48,40,41
793,50,49,41,42
794,51,50,45,43
795,49,49,45,43
796,44,50,41,45
797,49,52,46,49
798,50,50,45,47
799,47,49,45,42
800,49,50,49,43
801,47,48,49,43
802,53,54,51,45
803,49,47,51,46
804,51,49,52,48
805,56,52,52,46
806,53,45,44,42
807,54,45,46,43
808,55,43,43,41
809,57,41,42,38
810,58,45,43,40
811,62,50,41,46
812,65,52,43,45
813,61,48,38,37
814,61,49,36,35
815,60,50,41,38
816,61,51,41,37
817,61,50,42,34
818,62,50,42,35
819,62,51,41,37
820,65,56,39,36
821,65,54,31,34
822,69,57,34,37
823,73,59,34,39
824,77,60,34,36
825,80,64,37,39
826,80,64,38,40
827,80,63,41,39
828,82,62,41,38
829,84,64,40,37
830,91,69,44,41
831,91,67,43,38
832,91,67,41,39
833,92,70,46,42
834,87,68,45,38
835,85,67,44,39
836,83,67,49,40
837,78,66,46,38
838,78,66,47,37
839,76,66,47,35
840,72,66,48,36
841,69,60,47,37
842,67,61,51,40
843,67,61,52,42
844,61,57,48,41
845,60,56,47,40
846,58,56,46,39
847,60,58,49,43
848,58,55,47,42
849,56,55,45,42
850,59,55,46,40
851,51,53,46,39
852,55,54,47,42
853,55,55,52,45
854,49,51,50,42
855,49,49,47,40
856,48,48,42,41
857,46,49,42,42
858,49,50,46,43
859,47,49,46,42
860,44,50,42,43
861,46,49,44,44
862,48,49,44,43
863,46,48,45,41
864,48,47,48,43
865,46,45,47,43
866,52,51,50,46
867,50,47,49,45
868,51,48,50,46
869,53,49,48,43
870,51,42,42,40
871,52,43,45,43
872,52,41,41,41
873,52,39,39,38
874,55,44,41,41
875,57,45,41,42
876,58,45,41,41
877,55,40,35,34
878,57,44,34,32
879,57,44,38,34
880,56,44,37,33
881,57,43,38,32
882,59,43,38,32
883,60,46,37,33
884,64,52,35,34
885,63,50,28,31
886,66,52,32,32
887,68,52,32,33
888,72,53,31,31
889,74,56,33,32
890,74,56,33,33
891,74,55,35,32
892,76,53,35,31
893,77,54,33,29
894,83,58,37,33
895,85,59,39,34
896,86,60,38,36
897,87,63,43,39
898,81,61,41,34
899,80,60,40,35
900,80,61,45,38
901,76,62,44,38
902,78,64,46,39
903,78,64,46,38
904,73,64,46,38
905,70,57,44,37
906,68,56,47,40
907,70,59,50,43
908,65,57,49,44
909,64,57,49,42
910,63,58,49,42
911,64,60,51,46
912,59,56,47,43
913,57,56,45,42
914,60,55,47,41
915,51,52,45,37
916,53,53,46,41
917,54,53,49,43
918,47,48,47,39
919,46,46,43,36
920,47,46,38,37
921,42,45,37,37
922,44,45,40,36
923,43,44,41,38
924,38,44,36,36
925,40,43,39,39
926,42,43,39,40
927,40,42,40,38
928,42,41,43,42
929,40,39,41,40
930,48,48,46,45
931,46,43,46,43
932,47,45,48,44
933,46,44,44,42
934,43,38,37,38
935,44,37,39,38
936,44,36,35,37
937,44,34,34,34
938,47,40,37,36
939,50,39,35,37
940,51,39,35,37
941,47,36,29,30
942,51,41,32,31
943,51,41,34,33
944,50,41,34,32
945,51,40,34,31
946,52,41,35,32
947,53,44,35,33
948,57,49,34,33
949,57,47,28,31
950,60,49,29,33
951,62,49,29,34
952,64,49,29,31
953,66,52,31,32
954,64,50,32,33
955,64,49,33,32
956,66,48,33,32
957,67,48,33,31
958,73,52,36,34
959,75,53,39,35
960,76,55,38,38
961,79,59,43,41
962,76,59,43,38
963,75,57,41,38
964,75,59,45,39
965,72,60,45,40
966,74,61,47,41
967,73,60,45,39
968,69,59,44,38
969,66,54,41,37
970,64,53,43,38
971,66,56,47,41
972,64,54,45,43
973,62,54,46,41
974,61,55,47,42
975,62,58,49,46
976,59,54,45,44
977,56,52,44,43
978,58,52,46,41
979,48,47,43,37
980,54,51,48,43
981,52,49,48,43
982,47,44,46,38
983,46,42,43,36
984,45,42,37,37
985,42,42,36,38
986,43,43,38,38
987,42,42,40,39
988,36,42,35,38
989,40,44,39,43
990,44,47,40,44
991,41,47,42,44
992,43,47,44,46
993,38,42,40,41
994,44,48,43,45
995,43,45,43,44
996,44,46,45,45
997,42,45,42,42
998,40,41,38,38
999,40,39,38,40
1000,40,39,35,39
1001,39,36,33,36
1002,40,41,35,37
1003,42,41,35,38
1004,42,39,32,36
1005,36,33,26,29
1006,39,38,28,30
1007,40,38,31,32
1008,39,39,31,30
1009,40,39,31,30
1010,41,38,31,29
1011,42,40,31,30
1012,46,44,32,31
1013,46,44,28,30
1014,48,46,28,30
1015,49,45,27,30
1016,51,45,26,28
1017,53,48,30,29
1018,53,47,32,31
1019,53,47,33,31
1020,54,46,31,31
1021,54,48,31,31
1022,58,51,34,34
1023,58,51,34,33
1024,59,54,34,36
1025,63,57,39,38
1026,63,59,39,38
1027,62,57,37,38
1028,64,59,41,40
1029,62,60,42,40
1030,65,62,45,42
1031,65,62,45,42
1032,63,62,45,42
1033,59,57,40,39
1034,57,54,39,40
1035,59,56,42,43
1036,58,55,41,44
1037,57,55,44,44
1038,56,56,45,45
1039,58,58,48,49
1040,55,55,44,46
1041,52,51,41,43
1042,53,52,41,44
1043,45,48,38,40
1044,49,51,42,44
1045,48,50,43,43
1046,44,48,42,41
1047,41,44,38,37
1048,40,44,33,37
1049,40,45,33,38
1050,39,45,35,37
1051,38,45,36,39
1052,34,43,32,38
1053,38,45,35,41
1054,42,48,36,43
1055,40,48,39,43
1056,41,48,40,42
1057,37,43,35,38
1058,42,48,40,43
1059,41,45,40,42
1060,44,47,42,44
1061,41,44,39,40
1062,39,40,35,36
1063,37,39,36,39
1064,37,38,35,40
1065,35,33,31,34
1066,36,36,34,35
1067,37,36,34,35
1068,35,34,30,32
1069,30,28,25,26
1070,34,32,29,28
1071,35,34,32,30
1072,34,32,30,28
1073,34,32,31,29
1074,34,33,31,30
1075,35,34,31,30
1076,39,37,33,31
1077,39,35,30,30
1078,40,36,30,29
1079,40,35,29,31
1080,42,37,30,31
1081,45,40,34,33
1082,44,41,35,35
1083,43,40,34,34
1084,42,37,32,33
1085,42,38,32,33
1086,45,41,34,36
1087,44,39,33,35
1088,47,42,36,39
1089,50,45,39,41
1090,49,45,40,41
1091,47,43,37,38
1092,50,45,41,41
1093,51,46,42,42
1094,54,49,46,46
1095,51,46,44,43
1096,50,45,44,43
1097,48,42,41,40
1098,45,39,40,40
1099,47,42,43,43
1100,47,42,44,45
1101,46,41,44,45
1102,46,41,44,45
1103,49,44,47,49
1104,45,42,44,46
1105,42,39,41,43
1106,43,39,42,45
1107,33,33,36,39
1108,38,36,38,42
1109,37,35,38,41
1110,33,34,36,40
1111,31,32,35,37
1112,29,29,31,34
1113,30,31,33,36
1114,31,32,35,37
1115,33,35,36,39
1116,30,31,34,36
1117,32,33,35,37
1118,34,35,37,39
1119,35,36,38,40
1120,35,36,38,40
1121,32,32,33,36
1122,37,37,39,41
1123,34,35,36,39
1124,37,38,39,41
1125,35,35,36,38
1126,33,34,35,36
1127,35,36,36,37
1128,36,37,37,38
1129,31,32,32,33
1130,33,33,33,34
1131,32,32,32,33
1132,29,30,30,30
1133,24,24,24,24
1134,27,27,27,27
1135,29,29,29,29
1136,28,28,28,28
1137,28,28,28,28
1138,28,28,28,28
1139,28,28,27,27
1140,30,30,30,30
1141,28,28,28,28
1142,30,30,29,29
1143,29,29,28,28
1144,29,29,29,29
1145,32,32,32,32
1146,32,32,32,32
1147,32,32,32,32
1148,30,30,30,30
1149,30,30,30,30
1150,33,33,33,33
1151,33,33,33,33
1152,37,37,37,37
1153,40,40,40,40
1154,40,40,40,40
1155,37,37,37,37
1156,38,38,38,38
1157,39,39,39,39
1158,43,43,43,43
1159,40,40,40,40
1160,41,41,41,41
1161,37,37,37,37
1162,36,36,36,36
1163,39,39,39,39
1164,40,40,40,40
1165,40,40,40,40
1166,41,41,41,41
1167,44,44,44,44
1168,39,39,39,39
1169,35,35,35,35
1170,38,38,38,38
1171,33,33,33,33
1172,39,39,39,39
1173,37,37,37,37
1174,36,36,36,36
1175,35,35,35,35
1176,33,33,33,33
1177,33,33,33,33
1178,34,34,34,34
1179,34,34,34,34
1180,32,32,32,32
1181,34,34,34,34
1182,35,35,35,35
1183,36,36,36,36
1184,36,36,36,36
1185,33,33,33,33
1186,38,38,38,38
1187,36,36,36,36
1188,39,39,39,39
1189,37,37,37,37
1190,37,37,37,37
1191,36,36,36,36
1192,37,37,37,37
1193,32,32,32,32
1194,32,32,32,32
1195,31,31,31,31
1196,30,30,30,30
1197,26,26,26,26
1198,28,28,28,28
1199,29,29,29,29
1200,28,28,28,28
1201,26,26,26,26
1202,26,26,26,26
1203,27,27,27,27
1204,29,29,29,29
1205,29,29,29,29
1206,30,30,30,30
1207,30,30,30,30
1208,32,32,32,32
1209,33,33,33,33
1210,34,34,34,34
1211,33,33,33,33
1212,31,31,31,31
1213,32,32,32,32
1214,32,32,32,32
1215,33,33,33,33
1216,37,37,37,37
1217,37,37,37,37
1218,37,37,37,37
1219,32,32,32,32
1220,33,33,33,33
1221,35,35,35,35
1222,41,41,41,41
1223,38,38,38,38
1224,39,39,39,39
1225,34,34,34,34
1226,32,32,32,32
1227,34,34,34,34
1228,35,35,35,35
1229,36,36,36,36
1230,37,37,37,37
1231,39,39,39,39
1232,34,34,34,34
1233,29,29,29,29
1234,31,31,31,31
1235,27,27,27,27
1236,35,35,35,35
1237,33,33,33,33
1238,31,31,31,31
1239,32,32,32,32
1240,29,29,29,29
1241,31,31,31,31
1242,32,32,32,32
1243,31,31,31,31
1244,31,31,31,31
1245,33,33,33,33
1246,35,35,35,35
1247,35,35,35,35
1248,36,36,36,36
1249,34,34,34,34
1250,36,36,36,36
1251,32,32,32,32
1252,34,34,34,34
1253,33,33,33,33
1254,34,34,34,34
1255,34,34,34,34
1256,35,35,35,35
1257,30,30,30,30
1258,30,30,30,30
1259,30,30,30,30
1260,29,29,29,29
1261,26,26,26,26
1262,27,27,27,27
1263,26,26,26,26
1264,26,26,26,26
1265,27,27,27,27
1266,26,26,26,26
1267,26,26,26,26
1268,29,29,29,29
1269,30,30,30,30
1270,30,30,30,30
1271,31,31,31,31
1272,33,33,33,33
1273,33,33,33,33
1274,33,33,33,33
1275,33,33,33,33
1276,34,34,34,34
1277,34,34,34,34
1278,33,33,33,33
1279,34,34,34,34
1280,37,37,37,37
